#lambda [microns] trans
851.630         0.0022018
853.859         0.0021370
856.100         0.0022341
858.352         0.0025686
860.617         0.0028482
862.896         0.0028500
865.184         0.0025236
867.485         0.0025371
869.798         0.0026675
872.124         0.0027583
874.461         0.0027358
876.812         0.0028841
879.175         0.0027817
881.551         0.0027745
883.942         0.0024337
886.344         0.0023924
888.758         0.0024994
891.186         0.0027421
893.628         0.0027664
896.082         0.0028347
898.551         0.0030774
901.033         0.0033561
903.531         0.0038695
906.040         0.0045249
908.564         0.0046894
911.101         0.0051381
913.653         0.0063733
916.219         0.0078352
918.800         0.0089096
921.395         0.0086641
924.005         0.0079512
926.632         0.0060713
929.272         0.0050410
931.927         0.0048126
934.597         0.0046202
937.282         0.0041608
939.983         0.0037931
942.699         0.0034407
945.431         0.0033157
948.182         0.0036205
950.946         0.0037176
953.726         0.0037679
956.523         0.0038299
959.336         0.0046822
962.165         0.0064075
965.012         0.0075412
967.875         0.0082218
970.755         0.0105251
973.656         0.0160804
976.570         0.0227603
979.503         0.0284557
982.452         0.0325698
985.420         0.0419882
988.406         0.0718267
991.410         0.1054043
994.432         0.1177743
997.476         0.1310578
1000.535         0.1722547
1003.614         0.2375704
1006.711         0.2923737
1009.827         0.3210597
1012.963         0.3702141
1016.118         0.4623865
1019.293         0.5497324
1022.491         0.5983350
1025.706         0.6334342
1028.942         0.6840961
1032.197         0.7529718
1035.474         0.8150672
1038.771         0.8245633
1042.089         0.7976019
1045.429         0.8103197
1048.790         0.8756447
1052.177         0.9096381
1055.581         0.8707479
1059.008         0.8396093
1062.457         0.8600693
1065.929         0.8757465
1069.423         0.8700267
1072.941         0.8884243
1076.481         0.9316814
1080.045         0.9501884
1083.637         0.9350259
1087.248         0.9271685
1090.884         0.9412884
1094.544         0.9507995
1098.229         0.9482181
1101.939         0.9544618
1105.674         0.9722049
1109.434         0.9764686
1113.224         0.9498434
1117.036         0.9021113
1120.874         0.8502287
1124.739         0.7948856
1128.630         0.7360985
1132.549         0.6975439
1136.494         0.7052268
1140.468         0.7474277
1144.469         0.7756599
1148.502         0.7619459
1152.560         0.7248889
1156.647         0.6754151
1160.762         0.6048307
1164.908         0.5262879
1169.082         0.4690670
1173.287         0.4505045
1177.522         0.4713597
1181.793         0.5157966
1186.090         0.5585915
1190.418         0.5779632
1194.778         0.5585000
1199.170         0.5025244
1203.594         0.4407328
1208.051         0.3983822
1212.542         0.3755089
1217.065         0.3722659
1221.628         0.3899394
1226.220         0.4167353
1230.847         0.4343856
1235.509         0.4396772
1240.206         0.4439892
1244.939         0.4404272
1249.708         0.4163523
1254.514         0.3985254
1259.362         0.4244940
1264.243         0.4889110
1269.161         0.5518746
1274.119         0.5767823
1279.114         0.5297664
1284.150         0.3909093
1289.225         0.2217824
1294.340         0.1099355
1299.496         0.0583931
1304.699         0.0313525
1309.938         0.0155355
1315.219         0.0080734
1320.544         0.0053412
1325.911         0.0046238
1331.322         0.0044395
1336.778         0.0040394
1342.278         0.0039882
1347.830         0.0039675
1353.422         0.0037490
1359.061         0.0036133
1364.746         0.0037742
1370.480         0.0036492
1376.262         0.0035719
1382.092         0.0038875
1387.973         0.0040466
1393.904         0.0038434
1399.892         0.0037454
