1.074839E+02   1.009000E-03
1.080649E+02   1.114000E-03
1.082111E+02   1.061000E-03
1.083577E+02   1.021000E-03
1.095452E+02   1.011000E-03
1.096955E+02   1.149000E-03
1.098462E+02   1.216000E-03
1.099973E+02   1.242000E-03
1.101488E+02   1.255000E-03
1.103007E+02   1.211000E-03
1.104531E+02   1.216000E-03
1.106058E+02   1.288000E-03
1.107590E+02   1.282000E-03
1.109126E+02   1.384000E-03
1.110667E+02   1.455000E-03
1.112212E+02   1.513000E-03
1.113761E+02   1.442000E-03
1.115314E+02   1.455000E-03
1.116872E+02   1.539000E-03
1.118434E+02   1.477000E-03
1.120000E+02   1.562000E-03
1.121571E+02   1.587000E-03
1.123146E+02   1.518000E-03
1.124726E+02   1.472000E-03
1.126310E+02   1.510000E-03
1.127899E+02   1.489000E-03
1.129492E+02   1.518000E-03
1.131089E+02   1.668000E-03
1.132691E+02   1.809000E-03
1.134298E+02   1.797000E-03
1.135909E+02   1.851000E-03
1.137525E+02   1.818000E-03
1.139145E+02   2.091000E-03
1.140771E+02   2.203000E-03
1.142400E+02   2.179000E-03
1.144035E+02   2.222000E-03
1.145674E+02   2.193000E-03
1.147317E+02   2.368000E-03
1.148966E+02   2.635000E-03
1.150619E+02   2.708000E-03
1.152277E+02   2.766000E-03
1.153940E+02   3.203000E-03
1.155607E+02   3.520000E-03
1.157279E+02   3.654000E-03
1.158957E+02   3.983000E-03
1.160639E+02   4.197000E-03
1.162326E+02   4.252000E-03
1.164018E+02   4.276000E-03
1.165714E+02   4.526000E-03
1.167416E+02   4.801000E-03
1.169123E+02   5.002000E-03
1.170835E+02   5.536000E-03
1.172552E+02   5.423000E-03
1.174273E+02   5.620000E-03
1.176000E+02   5.942000E-03
1.177732E+02   6.242000E-03
1.179469E+02   6.348000E-03
1.181211E+02   6.335000E-03
1.182959E+02   6.441000E-03
1.184711E+02   6.615000E-03
1.186469E+02   7.240000E-03
1.188232E+02   7.551000E-03
1.190000E+02   8.008000E-03
1.191774E+02   8.284000E-03
1.193552E+02   8.640000E-03
1.195337E+02   8.983000E-03
1.197126E+02   9.191000E-03
1.198921E+02   9.407000E-03
1.200721E+02   9.608000E-03
1.202527E+02   9.991000E-03
1.204338E+02   1.015200E-02
1.206154E+02   1.058700E-02
1.207976E+02   1.131900E-02
1.209804E+02   1.181800E-02
1.211637E+02   1.209100E-02
1.213475E+02   1.236400E-02
1.215319E+02   1.293600E-02
1.217169E+02   1.342200E-02
1.219025E+02   1.412100E-02
1.220886E+02   1.481300E-02
1.222752E+02   1.522900E-02
1.224625E+02   1.650400E-02
1.226503E+02   1.740500E-02
1.228387E+02   1.794600E-02
1.230277E+02   1.860500E-02
1.232173E+02   1.946400E-02
1.234074E+02   2.066300E-02
1.235982E+02   2.182800E-02
1.237895E+02   2.267400E-02
1.239814E+02   2.372700E-02
1.241739E+02   2.597900E-02
1.243670E+02   2.794200E-02
1.245608E+02   2.928300E-02
1.247551E+02   3.068100E-02
1.249500E+02   3.254100E-02
1.251456E+02   3.429300E-02
1.253417E+02   3.626100E-02
1.255385E+02   3.815700E-02
1.257359E+02   4.034900E-02
1.259339E+02   4.331500E-02
1.261325E+02   4.632600E-02
1.263318E+02   4.911500E-02
1.265317E+02   5.169600E-02
1.267322E+02   5.463300E-02
1.269334E+02   5.783700E-02
1.271352E+02   6.086300E-02
1.273376E+02   6.360700E-02
1.275407E+02   6.696000E-02
1.277444E+02   7.123200E-02
1.279488E+02   7.660500E-02
1.281539E+02   8.096100E-02
1.283596E+02   8.556600E-02
1.285659E+02   8.964600E-02
1.287730E+02   9.434200E-02
1.289807E+02   9.970300E-02
1.291890E+02   1.044910E-01
1.293981E+02   1.094020E-01
1.296078E+02   1.149450E-01
1.298182E+02   1.204420E-01
1.300293E+02   1.275140E-01
1.302411E+02   1.345960E-01
1.304535E+02   1.388640E-01
1.306667E+02   1.461230E-01
1.308805E+02   1.503310E-01
1.310951E+02   1.575030E-01
1.313104E+02   1.620070E-01
1.315263E+02   1.700090E-01
1.317430E+02   1.743700E-01
1.319604E+02   1.820980E-01
1.321785E+02   1.878040E-01
1.323974E+02   1.957490E-01
1.326169E+02   2.005130E-01
1.328372E+02   2.087060E-01
1.330583E+02   2.133230E-01
1.332800E+02   2.223230E-01
1.335025E+02   2.269490E-01
1.337258E+02   2.312590E-01
1.339498E+02   2.392670E-01
1.341745E+02   2.419750E-01
1.344000E+02   2.499690E-01
1.346263E+02   2.594550E-01
1.348533E+02   2.685230E-01
1.350811E+02   2.773110E-01
1.353097E+02   2.852250E-01
1.355390E+02   2.936490E-01
1.357691E+02   3.021120E-01
1.360000E+02   3.108230E-01
1.362317E+02   3.188010E-01
1.364642E+02   3.228650E-01
1.366975E+02   3.341760E-01
1.369315E+02   3.486800E-01
1.371664E+02   3.561990E-01
1.374021E+02   3.708310E-01
1.376386E+02   3.857310E-01
1.378759E+02   4.004230E-01
1.381140E+02   4.145830E-01
1.383530E+02   4.298780E-01
1.385927E+02   4.450000E-01
1.388334E+02   4.579520E-01
1.390748E+02   4.659730E-01
1.393171E+02   4.802370E-01
1.395602E+02   4.954820E-01
1.398042E+02   5.098540E-01
1.400491E+02   5.322260E-01
1.402948E+02   5.477510E-01
1.405413E+02   5.623690E-01
1.407888E+02   5.849990E-01
1.410371E+02   6.080220E-01
1.412862E+02   6.292900E-01
1.415363E+02   6.451160E-01
1.417873E+02   6.584100E-01
1.420391E+02   6.715910E-01
1.422918E+02   6.757740E-01
1.425455E+02   6.884790E-01
1.428000E+02   7.002920E-01
1.430555E+02   7.024980E-01
1.433119E+02   7.158880E-01
1.435691E+02   7.282600E-01
1.438274E+02   7.404540E-01
1.440865E+02   7.419690E-01
1.443466E+02   7.545910E-01
1.446076E+02   7.571510E-01
1.448696E+02   7.687150E-01
1.451325E+02   7.705940E-01
1.453964E+02   7.843530E-01
1.456612E+02   7.869920E-01
1.459270E+02   7.985930E-01
1.461938E+02   8.043200E-01
1.464616E+02   8.123170E-01
1.467303E+02   8.132380E-01
1.470000E+02   8.236840E-01
1.472707E+02   8.346490E-01
1.475425E+02   8.476350E-01
1.478152E+02   8.590120E-01
1.480889E+02   8.689080E-01
1.483637E+02   8.799650E-01
1.486394E+02   8.910540E-01
1.489162E+02   8.985510E-01
1.491941E+02   9.008320E-01
1.494729E+02   9.120810E-01
1.497528E+02   9.234890E-01
1.500338E+02   9.332710E-01
1.503158E+02   9.422130E-01
1.505989E+02   9.518610E-01
1.508830E+02   9.617710E-01
1.511683E+02   9.720940E-01
1.514546E+02   9.813950E-01
1.517420E+02   9.944760E-01
1.520304E+02   9.997490E-01
1.523200E+02   9.991510E-01
1.526107E+02   9.975480E-01
1.529025E+02   9.957000E-01
1.531954E+02   9.950620E-01
1.534895E+02   9.936760E-01
1.537846E+02   1.000000E+00
1.540809E+02   9.983530E-01
1.543784E+02   9.975020E-01
1.546770E+02   9.950630E-01
1.549768E+02   9.932750E-01
1.552777E+02   9.929450E-01
1.555798E+02   9.807010E-01
1.558831E+02   9.777390E-01
1.561875E+02   9.757560E-01
1.564932E+02   9.655440E-01
1.568000E+02   9.636340E-01
1.571081E+02   9.607700E-01
1.574173E+02   9.542580E-01
1.577278E+02   9.577570E-01
1.580396E+02   9.553370E-01
1.583525E+02   9.526070E-01
1.586667E+02   9.507780E-01
1.589821E+02   9.597100E-01
1.592988E+02   9.570480E-01
1.596168E+02   9.540590E-01
1.599360E+02   9.508790E-01
1.602565E+02   9.493850E-01
1.605783E+02   9.473780E-01
1.609014E+02   9.466680E-01
1.612258E+02   9.469530E-01
1.615515E+02   9.478910E-01
1.618786E+02   9.557650E-01
1.622069E+02   9.535000E-01
1.625366E+02   9.541590E-01
1.628676E+02   9.560260E-01
1.632000E+02   9.560260E-01
1.635338E+02   9.649620E-01
1.638689E+02   9.654610E-01
1.642054E+02   9.650310E-01
1.645432E+02   9.637970E-01
1.648825E+02   9.534180E-01
1.652232E+02   9.518260E-01
1.655652E+02   9.490670E-01
1.659087E+02   9.449640E-01
1.662537E+02   9.312340E-01
1.666000E+02   9.265870E-01
1.669478E+02   9.208680E-01
1.672971E+02   9.135800E-01
1.676478E+02   8.985480E-01
1.680000E+02   8.805140E-01
1.683537E+02   8.615040E-01
1.687089E+02   8.526930E-01
1.690656E+02   8.339050E-01
1.694238E+02   8.204300E-01
1.697835E+02   7.975710E-01
1.701447E+02   7.844590E-01
1.705075E+02   7.598770E-01
1.708718E+02   7.406170E-01
1.712377E+02   7.113540E-01
1.716052E+02   6.847080E-01
1.719742E+02   6.572760E-01
1.723449E+02   6.298940E-01
1.727171E+02   6.106680E-01
1.730909E+02   5.833450E-01
1.734664E+02   5.551740E-01
1.738435E+02   5.276460E-01
1.742223E+02   4.969000E-01
1.746026E+02   4.714990E-01
1.749847E+02   4.459060E-01
1.753684E+02   4.193620E-01
1.757539E+02   3.933000E-01
1.761410E+02   3.688250E-01
1.765298E+02   3.447540E-01
1.769204E+02   3.259550E-01
1.773127E+02   3.036000E-01
1.777067E+02   2.825850E-01
1.781025E+02   2.652380E-01
1.785000E+02   2.501960E-01
1.788994E+02   2.341940E-01
1.793005E+02   2.192110E-01
1.797034E+02   2.032290E-01
1.801081E+02   1.899030E-01
1.805147E+02   1.773660E-01
1.809231E+02   1.660200E-01
1.813334E+02   1.531600E-01
1.817455E+02   1.430910E-01
1.821595E+02   1.337210E-01
1.825754E+02   1.254810E-01
1.829932E+02   1.168890E-01
1.834129E+02   1.090560E-01
1.838345E+02   1.022760E-01
1.842581E+02   9.579900E-02
1.846836E+02   8.874700E-02
1.851111E+02   8.355600E-02
1.855406E+02   7.820600E-02
1.859721E+02   7.298600E-02
1.864056E+02   6.856700E-02
1.868412E+02   6.425200E-02
1.872787E+02   5.930400E-02
1.877183E+02   5.495600E-02
1.881600E+02   5.170500E-02
1.886038E+02   4.774300E-02
1.890497E+02   4.466200E-02
1.894977E+02   4.115900E-02
1.899478E+02   3.858500E-02
1.904000E+02   3.567700E-02
1.908544E+02   3.304400E-02
1.913110E+02   3.063400E-02
1.917698E+02   2.874600E-02
1.922308E+02   2.674200E-02
1.926940E+02   2.463000E-02
1.931595E+02   2.282900E-02
1.936271E+02   2.089600E-02
1.940971E+02   1.940600E-02
1.945694E+02   1.819900E-02
1.950439E+02   1.690100E-02
1.955208E+02   1.600100E-02
1.960000E+02   1.493500E-02
1.964816E+02   1.388100E-02
1.969655E+02   1.306100E-02
1.974519E+02   1.206500E-02
1.979406E+02   1.121000E-02
1.984318E+02   1.045000E-02
1.989254E+02   9.667000E-03
1.994215E+02   9.083000E-03
1.999200E+02   8.501000E-03
