1.949400E+01   1.573000E-03
1.956700E+01   2.129000E-03
1.964200E+01   3.627000E-03
1.971600E+01   4.662000E-03
1.979200E+01   6.710000E-03
1.986700E+01   8.835000E-03
1.994400E+01   1.291400E-02
2.002100E+01   1.450000E-02
2.009800E+01   1.953200E-02
2.017700E+01   2.446800E-02
2.025500E+01   3.195300E-02
2.033500E+01   5.097300E-02
2.041500E+01   7.644700E-02
2.049600E+01   1.209290E-01
2.057700E+01   1.776560E-01
2.065900E+01   2.525540E-01
2.074200E+01   3.777770E-01
2.082500E+01   5.286590E-01
2.090900E+01   7.359240E-01
2.099300E+01   8.134630E-01
2.107900E+01   8.573350E-01
2.116500E+01   8.824770E-01
2.125200E+01   9.070910E-01
2.133900E+01   9.328280E-01
2.142700E+01   9.570090E-01
2.151600E+01   9.736340E-01
2.160600E+01   9.849570E-01
2.169600E+01   9.916630E-01
2.178700E+01   9.977490E-01
2.187900E+01   1.000000E+00
2.197200E+01   9.985220E-01
2.206500E+01   9.885640E-01
2.216000E+01   9.700580E-01
2.225500E+01   9.352050E-01
2.235100E+01   9.262580E-01
2.244800E+01   8.997960E-01
2.254500E+01   8.807980E-01
2.264400E+01   8.659250E-01
2.274300E+01   8.561140E-01
2.284300E+01   8.576990E-01
2.294400E+01   8.567790E-01
2.304600E+01   8.505090E-01
2.314900E+01   8.345200E-01
2.325300E+01   8.154730E-01
2.335800E+01   7.954730E-01
2.346300E+01   7.758750E-01
2.357000E+01   7.527640E-01
2.367800E+01   7.468080E-01
2.378600E+01   7.776530E-01
2.389600E+01   7.989430E-01
2.400600E+01   8.398770E-01
2.411800E+01   8.762650E-01
2.423100E+01   9.118190E-01
2.434500E+01   9.294310E-01
2.445900E+01   9.248760E-01
2.457500E+01   9.179780E-01
2.469200E+01   8.978060E-01
2.481000E+01   8.799480E-01
2.493000E+01   8.590960E-01
2.505000E+01   8.335340E-01
2.517200E+01   8.032160E-01
2.529500E+01   7.708900E-01
2.541900E+01   7.366090E-01
2.554400E+01   6.957040E-01
2.567000E+01   6.494790E-01
2.579800E+01   6.026610E-01
2.592700E+01   5.581910E-01
2.605700E+01   5.191740E-01
2.618900E+01   4.862090E-01
2.632200E+01   4.559740E-01
2.645600E+01   4.286930E-01
2.659200E+01   4.061710E-01
2.672900E+01   3.819860E-01
2.686700E+01   3.543780E-01
2.700700E+01   3.266820E-01
2.714900E+01   2.968380E-01
2.729200E+01   2.611780E-01
2.743600E+01   2.258780E-01
2.758200E+01   1.954450E-01
2.772900E+01   1.702260E-01
2.787800E+01   1.484450E-01
2.802900E+01   1.305550E-01
2.818100E+01   1.179450E-01
2.833500E+01   1.076760E-01
2.849100E+01   9.782700E-02
2.864900E+01   8.886900E-02
2.880800E+01   8.051200E-02
2.896900E+01   7.212400E-02
2.913100E+01   6.099700E-02
2.929600E+01   5.108600E-02
2.946200E+01   4.252500E-02
2.963100E+01   3.538400E-02
2.980100E+01   2.976400E-02
2.997300E+01   2.559600E-02
3.014800E+01   2.180700E-02
3.032400E+01   1.919000E-02
3.050200E+01   1.660600E-02
3.068300E+01   1.377900E-02
3.086500E+01   1.100200E-02
3.105000E+01   8.476000E-03
3.123700E+01   6.381000E-03
3.142700E+01   4.758000E-03
3.161800E+01   3.471000E-03
3.181200E+01   2.394000E-03
3.200900E+01   1.482000E-03
