5.072080E+01   1.816000E-03
5.097958E+01   2.936000E-03
5.124101E+01   4.346000E-03
5.150514E+01   6.087000E-03
5.177200E+01   8.170000E-03
5.204165E+01   1.067700E-02
5.231412E+01   1.409000E-02
5.258946E+01   1.845400E-02
5.286771E+01   2.310900E-02
5.314892E+01   2.744300E-02
5.343314E+01   3.252300E-02
5.372041E+01   4.017300E-02
5.401079E+01   4.971100E-02
5.430433E+01   6.050400E-02
5.460108E+01   7.361700E-02
5.490108E+01   9.014700E-02
5.520440E+01   1.095230E-01
5.551109E+01   1.296200E-01
5.582121E+01   1.457720E-01
5.613481E+01   1.535410E-01
5.645196E+01   1.585990E-01
5.677271E+01   1.700370E-01
5.709713E+01   1.898030E-01
5.742527E+01   2.149290E-01
5.775721E+01   2.414510E-01
5.809301E+01   2.634990E-01
5.843273E+01   2.799450E-01
5.877645E+01   2.948170E-01
5.912424E+01   3.126680E-01
5.947617E+01   3.366480E-01
5.983232E+01   3.699820E-01
6.019275E+01   4.120770E-01
6.055756E+01   4.541260E-01
6.092681E+01   4.911890E-01
6.130060E+01   5.264360E-01
6.167899E+01   5.595590E-01
6.206209E+01   5.951500E-01
6.244998E+01   6.415870E-01
6.284275E+01   6.940720E-01
6.324049E+01   7.379700E-01
6.364329E+01   7.746800E-01
6.405126E+01   8.080520E-01
6.446450E+01   8.278620E-01
6.488310E+01   8.383410E-01
6.530717E+01   8.488570E-01
6.573682E+01   8.605280E-01
6.617217E+01   8.699980E-01
6.661331E+01   8.831750E-01
6.706038E+01   9.033750E-01
6.751349E+01   9.234210E-01
6.797277E+01   9.452810E-01
6.843834E+01   9.700160E-01
6.891032E+01   9.847660E-01
6.938887E+01   9.890370E-01
6.987411E+01   9.952370E-01
7.036618E+01   1.000000E+00
7.086523E+01   9.982680E-01
7.137141E+01   9.999890E-01
7.188487E+01   1.000645E+00
7.240578E+01   9.922010E-01
7.293429E+01   9.820830E-01
7.347057E+01   9.725780E-01
7.401479E+01   9.585180E-01
7.456714E+01   9.386030E-01
7.512780E+01   9.179370E-01
7.569695E+01   8.830380E-01
7.627479E+01   8.320290E-01
7.686152E+01   7.817210E-01
7.745734E+01   7.298820E-01
7.806248E+01   6.702210E-01
7.867714E+01   6.119890E-01
7.930157E+01   5.584210E-01
7.993598E+01   5.057310E-01
8.058062E+01   4.567610E-01
8.123575E+01   4.165410E-01
8.190162E+01   3.790620E-01
8.257849E+01   3.407290E-01
8.326664E+01   3.075580E-01
8.396636E+01   2.793670E-01
8.467794E+01   2.508570E-01
8.540169E+01   2.236510E-01
8.613791E+01   2.008180E-01
8.688693E+01   1.789810E-01
8.764910E+01   1.596080E-01
8.842475E+01   1.442210E-01
8.921426E+01   1.303850E-01
9.001799E+01   1.173190E-01
9.083634E+01   1.071470E-01
9.166970E+01   9.892400E-02
9.251849E+01   8.955500E-02
9.338315E+01   8.155700E-02
9.426413E+01   7.577900E-02
9.516188E+01   6.901000E-02
9.607690E+01   6.137500E-02
9.700968E+01   5.609200E-02
9.796076E+01   5.186500E-02
9.893067E+01   4.672200E-02
9.991997E+01   4.214000E-02
1.009293E+02   3.823100E-02
1.019592E+02   3.455400E-02
1.030103E+02   3.302100E-02
1.040833E+02   3.299000E-02
1.051789E+02   3.242200E-02
1.062978E+02   3.068700E-02
1.074408E+02   3.026500E-02
1.086087E+02   3.099200E-02
1.098022E+02   3.027000E-02
1.110222E+02   2.935000E-02
1.162326E+02   4.252000E-03
1.164018E+02   4.276000E-03
1.165714E+02   4.526000E-03
1.167416E+02   4.801000E-03
1.169123E+02   5.002000E-03
1.170835E+02   5.536000E-03
1.172552E+02   5.423000E-03
1.174273E+02   5.623000E-03
1.176000E+02   5.942000E-03
1.177732E+02   6.242000E-03
1.179469E+02   6.348000E-03
1.181211E+02   6.335000E-03
1.182959E+02   6.441000E-03
1.184711E+02   6.615000E-03
1.186469E+02   7.240000E-03
1.188232E+02   7.551000E-03
1.190000E+02   8.008000E-03
