 5.30504E+01    6.87493E-05
 5.31208E+01    6.99064E-05
 5.31915E+01    7.17038E-05
 5.32623E+01    7.10472E-05
 5.33333E+01    7.15867E-05
 5.34045E+01    7.16965E-05
 5.34759E+01    7.11763E-05
 5.35475E+01    7.22375E-05
 5.36193E+01    7.58494E-05
 5.36913E+01    7.85654E-05
 5.37634E+01    8.18203E-05
 5.38358E+01    8.79206E-05
 5.39084E+01    9.55619E-05
 5.39811E+01    1.06830E-04
 5.40541E+01    1.24134E-04
 5.41272E+01    1.44962E-04
 5.42005E+01    1.69455E-04
 5.42741E+01    2.01527E-04
 5.43478E+01    2.39847E-04
 5.44218E+01    2.84297E-04
 5.44959E+01    3.39680E-04
 5.45703E+01    4.04026E-04
 5.46448E+01    4.76424E-04
 5.47196E+01    5.64242E-04
 5.47945E+01    6.67035E-04
 5.48697E+01    7.80762E-04
 5.49451E+01    9.12296E-04
 5.50206E+01    1.06264E-03
 5.50964E+01    1.23618E-03
 5.51724E+01    1.45700E-03
 5.52486E+01    1.73898E-03
 5.53250E+01    2.08917E-03
 5.54017E+01    2.53752E-03
 5.54785E+01    3.10715E-03
 5.55556E+01    3.78750E-03
 5.56328E+01    4.59113E-03
 5.57103E+01    5.53330E-03
 5.57880E+01    6.59520E-03
 5.58659E+01    7.79111E-03
 5.59441E+01    9.12210E-03
 5.60224E+01    1.05219E-02
 5.61010E+01    1.20143E-02
 5.61798E+01    1.34511E-02
 5.62588E+01    1.50548E-02
 5.63380E+01    1.68368E-02
 5.64175E+01    1.88380E-02
 5.64972E+01    2.09650E-02
 5.65771E+01    2.31920E-02
 5.66572E+01    2.56401E-02
 5.67376E+01    2.82539E-02
 5.68182E+01    3.09972E-02
 5.68990E+01    3.40206E-02
 5.69801E+01    3.71921E-02
 5.70613E+01    4.03287E-02
 5.71429E+01    4.36332E-02
 5.72246E+01    4.70687E-02
 5.73066E+01    5.03478E-02
 5.73888E+01    5.38626E-02
 5.74713E+01    5.76571E-02
 5.75540E+01    6.13520E-02
 5.76369E+01    6.52752E-02
 5.77201E+01    6.96369E-02
 5.78035E+01    7.40436E-02
 5.78871E+01    7.86338E-02
 5.79710E+01    8.31012E-02
 5.80552E+01    8.75886E-02
 5.81395E+01    9.23459E-02
 5.82242E+01    9.74362E-02
 5.83090E+01    1.02775E-01
 5.83942E+01    1.08495E-01
 5.84795E+01    1.14044E-01
 5.85652E+01    1.19750E-01
 5.86510E+01    1.25344E-01
 5.87372E+01    1.31440E-01
 5.88235E+01    1.37848E-01
 5.89102E+01    1.44199E-01
 5.89971E+01    1.50530E-01
 5.90842E+01    1.56748E-01
 5.91716E+01    1.62761E-01
 5.92593E+01    1.68985E-01
 5.93472E+01    1.75408E-01
 5.94354E+01    1.82104E-01
 5.95238E+01    1.89332E-01
 5.96125E+01    1.96629E-01
 5.97015E+01    2.03112E-01
 5.97907E+01    2.10297E-01
 5.98802E+01    2.17512E-01
 5.99700E+01    2.24502E-01
 6.00601E+01    2.31842E-01
 6.01504E+01    2.39443E-01
 6.02410E+01    2.46633E-01
 6.03318E+01    2.53453E-01
 6.04230E+01    2.60105E-01
 6.05144E+01    2.66259E-01
 6.06061E+01    2.72086E-01
 6.06980E+01    2.78173E-01
 6.07903E+01    2.84007E-01
 6.08828E+01    2.89184E-01
 6.09756E+01    2.94388E-01
 6.10687E+01    2.99452E-01
 6.11621E+01    3.04059E-01
 6.12557E+01    3.08734E-01
 6.13497E+01    3.13026E-01
 6.14439E+01    3.16575E-01
 6.15385E+01    3.20729E-01
 6.16333E+01    3.25806E-01
 6.17284E+01    3.31089E-01
 6.18238E+01    3.36936E-01
 6.19195E+01    3.43478E-01
 6.20155E+01    3.50000E-01
 6.21118E+01    3.56548E-01
 6.22084E+01    3.62925E-01
 6.23053E+01    3.69762E-01
 6.24025E+01    3.76295E-01
 6.25000E+01    3.82062E-01
 6.25978E+01    3.86835E-01
 6.26959E+01    3.91434E-01
 6.27943E+01    3.96266E-01
 6.28931E+01    4.01256E-01
 6.29921E+01    4.05660E-01
 6.30915E+01    4.08820E-01
 6.31912E+01    4.10262E-01
 6.32911E+01    4.14535E-01
 6.33914E+01    4.23180E-01
 6.34921E+01    4.31595E-01
 6.35930E+01    4.38499E-01
 6.36943E+01    4.44937E-01
 6.37959E+01    4.51243E-01
 6.38978E+01    4.57171E-01
 6.40000E+01    4.63676E-01
 6.41026E+01    4.70133E-01
 6.42055E+01    4.75888E-01
 6.43087E+01    4.82677E-01
 6.44122E+01    4.89171E-01
 6.45161E+01    4.93546E-01
 6.46204E+01    4.97207E-01
 6.47249E+01    5.00966E-01
 6.48298E+01    5.03572E-01
 6.49351E+01    5.05427E-01
 6.50406E+01    5.06971E-01
 6.51466E+01    5.07620E-01
 6.52529E+01    5.08694E-01
 6.53595E+01    5.09267E-01
 6.54664E+01    5.07877E-01
 6.55738E+01    5.05779E-01
 6.56814E+01    5.04564E-01
 6.57895E+01    5.03652E-01
 6.58979E+01    5.02448E-01
 6.60066E+01    5.01579E-01
 6.61157E+01    5.01594E-01
 6.62252E+01    5.01345E-01
 6.63350E+01    5.00348E-01
 6.64452E+01    5.00249E-01
 6.65557E+01    5.00959E-01
 6.66667E+01    5.02550E-01
 6.67780E+01    5.02880E-01
 6.68896E+01    5.00575E-01
 6.70017E+01    4.97406E-01
 6.71141E+01    4.94985E-01
 6.72269E+01    4.93071E-01
 6.73401E+01    4.91849E-01
 6.74536E+01    4.90309E-01
 6.75676E+01    4.87342E-01
 6.76819E+01    4.83284E-01
 6.77966E+01    4.79181E-01
 6.79117E+01    4.74866E-01
 6.80272E+01    4.69990E-01
 6.81431E+01    4.65077E-01
 6.82594E+01    4.59776E-01
 6.83761E+01    4.53597E-01
 6.84931E+01    4.47731E-01
 6.86106E+01    4.42389E-01
 6.87285E+01    4.37528E-01
 6.88468E+01    4.34223E-01
 6.89655E+01    4.32313E-01
 6.90846E+01    4.30900E-01
 6.92042E+01    4.30704E-01
 6.93241E+01    4.31713E-01
 6.94444E+01    4.32508E-01
 6.95652E+01    4.32865E-01
 6.96864E+01    4.34247E-01
 6.98080E+01    4.34594E-01
 6.99301E+01    4.34264E-01
 7.00525E+01    4.34403E-01
 7.01754E+01    4.34165E-01
 7.02988E+01    4.33834E-01
 7.04225E+01    4.34257E-01
 7.05467E+01    4.34658E-01
 7.06714E+01    4.35091E-01
 7.07965E+01    4.36738E-01
 7.09220E+01    4.38344E-01
 7.10480E+01    4.39714E-01
 7.11744E+01    4.42945E-01
 7.13012E+01    4.46071E-01
 7.14286E+01    4.48470E-01
 7.15564E+01    4.50661E-01
 7.16846E+01    4.52862E-01
 7.18133E+01    4.53818E-01
 7.19424E+01    4.54154E-01
 7.20721E+01    4.55724E-01
 7.22022E+01    4.56901E-01
 7.23327E+01    4.57168E-01
 7.24638E+01    4.57462E-01
 7.25953E+01    4.57306E-01
 7.27273E+01    4.57398E-01
 7.28597E+01    4.58606E-01
 7.29927E+01    4.59949E-01
 7.31261E+01    4.61397E-01
 7.32601E+01    4.64020E-01
 7.33945E+01    4.66280E-01
 7.35294E+01    4.67772E-01
 7.36648E+01    4.69977E-01
 7.38007E+01    4.72138E-01
 7.39372E+01    4.73750E-01
 7.40741E+01    4.75920E-01
 7.42115E+01    4.78216E-01
 7.43494E+01    4.79733E-01
 7.44879E+01    4.81699E-01
 7.46269E+01    4.83868E-01
 7.47664E+01    4.85166E-01
 7.49064E+01    4.86748E-01
 7.50469E+01    4.88790E-01
 7.51880E+01    4.89493E-01
 7.53296E+01    4.89419E-01
 7.54717E+01    4.89976E-01
 7.56144E+01    4.90518E-01
 7.57576E+01    4.89521E-01
 7.59013E+01    4.88510E-01
 7.60456E+01    4.87482E-01
 7.61905E+01    4.85420E-01
 7.63359E+01    4.82897E-01
 7.64818E+01    4.79741E-01
 7.66283E+01    4.76570E-01
 7.67754E+01    4.74208E-01
 7.69231E+01    4.71730E-01
 7.70713E+01    4.67841E-01
 7.72201E+01    4.63686E-01
 7.73694E+01    4.58197E-01
 7.75194E+01    4.50334E-01
 7.76699E+01    4.41807E-01
 7.78210E+01    4.32941E-01
 7.79727E+01    4.23373E-01
 7.81250E+01    4.14411E-01
 7.82779E+01    4.06792E-01
 7.84314E+01    3.99399E-01
 7.85855E+01    3.92636E-01
 7.87402E+01    3.88039E-01
 7.88955E+01    3.84963E-01
 7.90514E+01    3.83874E-01
 7.92079E+01    3.83112E-01
 7.93651E+01    3.81092E-01
 7.95229E+01    3.77790E-01
 7.96813E+01    3.74237E-01
 7.98403E+01    3.69795E-01
 8.00000E+01    3.64386E-01
 8.01603E+01    3.59246E-01
 8.03213E+01    3.53703E-01
 8.04829E+01    3.47040E-01
 8.06452E+01    3.40267E-01
 8.08081E+01    3.33325E-01
 8.09717E+01    3.25473E-01
 8.11359E+01    3.17394E-01
 8.13008E+01    3.09322E-01
 8.14664E+01    3.00539E-01
 8.16327E+01    2.91383E-01
 8.17996E+01    2.81536E-01
 8.19672E+01    2.70665E-01
 8.21355E+01    2.60449E-01
 8.23045E+01    2.50802E-01
 8.24742E+01    2.40372E-01
 8.26446E+01    2.29713E-01
 8.28157E+01    2.19189E-01
 8.29875E+01    2.08357E-01
 8.31601E+01    1.97615E-01
 8.33333E+01    1.87835E-01
 8.35073E+01    1.78563E-01
 8.36820E+01    1.69189E-01
 8.38574E+01    1.60116E-01
 8.40336E+01    1.51208E-01
 8.42105E+01    1.42549E-01
 8.43882E+01    1.34675E-01
 8.45666E+01    1.27468E-01
 8.47458E+01    1.20941E-01
 8.49257E+01    1.15479E-01
 8.51064E+01    1.10621E-01
 8.52878E+01    1.06020E-01
 8.54701E+01    1.01826E-01
 8.56531E+01    9.77852E-02
 8.58369E+01    9.33634E-02
 8.60215E+01    8.92479E-02
 8.62069E+01    8.52662E-02
 8.63931E+01    8.10425E-02
 8.65801E+01    7.68825E-02
 8.67679E+01    7.28186E-02
 8.69565E+01    6.86279E-02
 8.71460E+01    6.45712E-02
 8.73362E+01    6.06863E-02
 8.75274E+01    5.68246E-02
 8.77193E+01    5.32089E-02
 8.79121E+01    4.98866E-02
 8.81057E+01    4.66462E-02
 8.83002E+01    4.35672E-02
 8.84956E+01    4.06906E-02
 8.86918E+01    3.78689E-02
 8.88889E+01    3.51763E-02
 8.90869E+01    3.27273E-02
 8.92857E+01    3.03930E-02
 8.94855E+01    2.82111E-02
 8.96861E+01    2.63050E-02
 8.98876E+01    2.46219E-02
 9.00901E+01    2.31688E-02
 9.02935E+01    2.20264E-02
 9.04977E+01    2.10535E-02
 9.07029E+01    2.01286E-02
 9.09091E+01    1.93785E-02
 9.11162E+01    1.87598E-02
 9.13242E+01    1.81508E-02
 9.15332E+01    1.76058E-02
 9.17431E+01    1.71097E-02
 9.19540E+01    1.65644E-02
 9.21659E+01    1.60288E-02
 9.23788E+01    1.55133E-02
 9.25926E+01    1.49422E-02
 9.28074E+01    1.43785E-02
 9.30233E+01    1.38455E-02
 9.32401E+01    1.32615E-02
 9.34579E+01    1.26535E-02
 9.36768E+01    1.20621E-02
 9.38967E+01    1.14426E-02
 9.41176E+01    1.08331E-02
 9.43396E+01    1.02967E-02
 9.45626E+01    9.79582E-03
 9.47867E+01    9.31860E-03
 9.50119E+01    8.89056E-03
 9.52381E+01    8.45453E-03
 9.54654E+01    7.99580E-03
 9.56938E+01    7.58625E-03
 9.59233E+01    7.23575E-03
 9.61538E+01    6.89593E-03
 9.63855E+01    6.57203E-03
 9.66184E+01    6.26165E-03
 9.68523E+01    5.94878E-03
 9.70874E+01    5.64926E-03
 9.73236E+01    5.37750E-03
 9.75610E+01    5.14155E-03
 9.77995E+01    4.95540E-03
 9.80392E+01    4.78673E-03
 9.82801E+01    4.60096E-03
 9.85222E+01    4.41612E-03
 9.87654E+01    4.23938E-03
 9.90099E+01    4.04366E-03
 9.92556E+01    3.82542E-03
 9.95025E+01    3.61427E-03
 9.97506E+01    3.42421E-03
 1.00000E+02    3.24586E-03
 1.00251E+02    3.06942E-03
 1.00503E+02    2.79925E-03
 1.00756E+02    2.54443E-03
 1.01010E+02    2.37611E-03
 1.01266E+02    2.21914E-03
 1.01523E+02    2.05683E-03
 1.01781E+02    1.88838E-03
 1.02041E+02    1.74717E-03
 1.02302E+02    1.63261E-03
 1.02564E+02    1.53476E-03
 1.02828E+02    1.46766E-03
 1.03093E+02    1.42145E-03
 1.03359E+02    1.35147E-03
 1.03627E+02    1.25140E-03
 1.03896E+02    1.19759E-03
