 1.13636E+02    9.24783E-04
 1.13960E+02    1.18744E-03
 1.14286E+02    1.37010E-03
 1.14613E+02    1.51342E-03
 1.14943E+02    1.77842E-03
 1.15274E+02    2.08559E-03
 1.15607E+02    2.28025E-03
 1.15942E+02    2.42322E-03
 1.16279E+02    2.70718E-03
 1.16618E+02    3.09810E-03
 1.16959E+02    3.65011E-03
 1.17302E+02    4.32151E-03
 1.17647E+02    4.89475E-03
 1.17994E+02    5.56869E-03
 1.18343E+02    6.55110E-03
 1.18694E+02    7.70059E-03
 1.19048E+02    9.04041E-03
 1.19403E+02    1.06862E-02
 1.19760E+02    1.22888E-02
 1.20120E+02    1.41182E-02
 1.20482E+02    1.66202E-02
 1.20846E+02    1.94018E-02
 1.21212E+02    2.24117E-02
 1.21581E+02    2.60140E-02
 1.21951E+02    3.00079E-02
 1.22324E+02    3.45636E-02
 1.22699E+02    4.02591E-02
 1.23077E+02    4.66354E-02
 1.23457E+02    5.32524E-02
 1.23839E+02    6.14696E-02
 1.24224E+02    7.13091E-02
 1.24611E+02    8.12353E-02
 1.25000E+02    9.25876E-02
 1.25392E+02    1.05981E-01
 1.25786E+02    1.19280E-01
 1.26183E+02    1.34383E-01
 1.26582E+02    1.52194E-01
 1.26984E+02    1.68663E-01
 1.27389E+02    1.86298E-01
 1.27796E+02    2.07975E-01
 1.28205E+02    2.27186E-01
 1.28617E+02    2.45657E-01
 1.29032E+02    2.68616E-01
 1.29450E+02    2.87231E-01
 1.29870E+02    3.02376E-01
 1.30293E+02    3.22222E-01
 1.30719E+02    3.38498E-01
 1.31148E+02    3.49402E-01
 1.31579E+02    3.64469E-01
 1.32013E+02    3.75269E-01
 1.32450E+02    3.76761E-01
 1.32890E+02    3.80554E-01
 1.33333E+02    3.83521E-01
 1.33779E+02    3.79184E-01
 1.34228E+02    3.77611E-01
 1.34680E+02    3.78827E-01
 1.35135E+02    3.74967E-01
 1.35593E+02    3.75092E-01
 1.36054E+02    3.83124E-01
 1.36519E+02    3.86566E-01
 1.36986E+02    3.90383E-01
 1.37457E+02    4.01778E-01
 1.37931E+02    4.07329E-01
 1.38408E+02    4.09696E-01
 1.38889E+02    4.17809E-01
 1.39373E+02    4.20511E-01
 1.39860E+02    4.18506E-01
 1.40351E+02    4.24611E-01
 1.40845E+02    4.26994E-01
 1.41343E+02    4.22995E-01
 1.41844E+02    4.26339E-01
 1.42349E+02    4.29157E-01
 1.42857E+02    4.24869E-01
 1.43369E+02    4.26599E-01
 1.43885E+02    4.29679E-01
 1.44404E+02    4.25499E-01
 1.44928E+02    4.25936E-01
 1.45455E+02    4.30329E-01
 1.45985E+02    4.30215E-01
 1.46520E+02    4.32551E-01
 1.47059E+02    4.39173E-01
 1.47601E+02    4.39556E-01
 1.48148E+02    4.40864E-01
 1.48699E+02    4.48154E-01
 1.49254E+02    4.48744E-01
 1.49813E+02    4.46813E-01
 1.50376E+02    4.52379E-01
 1.50943E+02    4.52952E-01
 1.51515E+02    4.49182E-01
 1.52091E+02    4.53626E-01
 1.52672E+02    4.55172E-01
 1.53257E+02    4.50862E-01
 1.53846E+02    4.55168E-01
 1.54440E+02    4.57831E-01
 1.55039E+02    4.53109E-01
 1.55642E+02    4.55037E-01
 1.56250E+02    4.56750E-01
 1.56863E+02    4.49855E-01
 1.57480E+02    4.48445E-01
 1.58103E+02    4.49653E-01
 1.58730E+02    4.41734E-01
 1.59363E+02    4.36449E-01
 1.60000E+02    4.36148E-01
 1.60643E+02    4.28404E-01
 1.61290E+02    4.21453E-01
 1.61943E+02    4.21299E-01
 1.62602E+02    4.16445E-01
 1.63265E+02    4.10020E-01
 1.63934E+02    4.08141E-01
 1.64609E+02    4.02128E-01
 1.65289E+02    3.91863E-01
 1.65975E+02    3.88083E-01
 1.66667E+02    3.81381E-01
 1.67364E+02    3.71100E-01
 1.68067E+02    3.67752E-01
 1.68776E+02    3.65654E-01
 1.69492E+02    3.56313E-01
 1.70213E+02    3.52282E-01
 1.70940E+02    3.53515E-01
 1.71674E+02    3.48578E-01
 1.72414E+02    3.48119E-01
 1.73160E+02    3.51272E-01
 1.73913E+02    3.47118E-01
 1.74672E+02    3.44608E-01
 1.75439E+02    3.46645E-01
 1.76211E+02    3.43173E-01
 1.76991E+02    3.41126E-01
 1.77778E+02    3.43389E-01
 1.78571E+02    3.38833E-01
 1.79372E+02    3.34738E-01
 1.80180E+02    3.37237E-01
 1.80995E+02    3.37143E-01
 1.81818E+02    3.35734E-01
 1.82648E+02    3.40240E-01
 1.83486E+02    3.42001E-01
 1.84332E+02    3.37092E-01
 1.85185E+02    3.36996E-01
 1.86047E+02    3.38115E-01
 1.86916E+02    3.37243E-01
 1.87793E+02    3.39722E-01
 1.88679E+02    3.41623E-01
 1.89573E+02    3.37051E-01
 1.90476E+02    3.34674E-01
 1.91388E+02    3.33342E-01
 1.92308E+02    3.28002E-01
 1.93237E+02    3.23638E-01
 1.94175E+02    3.19454E-01
 1.95122E+02    3.07344E-01
 1.96078E+02    2.94644E-01
 1.97044E+02    2.87567E-01
 1.98020E+02    2.77325E-01
 1.99005E+02    2.65839E-01
 2.00000E+02    2.57485E-01
 2.01005E+02    2.42197E-01
 2.02020E+02    2.25761E-01
 2.03046E+02    2.15353E-01
 2.04082E+02    2.01393E-01
 2.05128E+02    1.83189E-01
 2.06186E+02    1.70502E-01
 2.07254E+02    1.56386E-01
 2.08333E+02    1.37095E-01
 2.09424E+02    1.24250E-01
 2.10526E+02    1.13165E-01
 2.11640E+02    1.01921E-01
 2.12766E+02    9.18160E-02
 2.13904E+02    8.15879E-02
 2.15054E+02    7.09609E-02
 2.16216E+02    6.26637E-02
 2.17391E+02    5.53039E-02
 2.18579E+02    4.79884E-02
 2.19780E+02    4.19219E-02
 2.20994E+02    3.64873E-02
 2.22222E+02    3.14447E-02
 2.23464E+02    2.77539E-02
 2.24719E+02    2.46193E-02
 2.25989E+02    2.11427E-02
 2.27273E+02    1.82698E-02
 2.28571E+02    1.61634E-02
 2.29885E+02    1.39503E-02
 2.31214E+02    1.18583E-02
 2.32558E+02    1.03248E-02
 2.33918E+02    9.00038E-03
 2.35294E+02    7.89788E-03
 2.36686E+02    6.95627E-03
 2.38095E+02    6.11682E-03
 2.39521E+02    5.32708E-03
 2.40964E+02    4.76859E-03
 2.42424E+02    4.20408E-03
 2.43902E+02    3.53982E-03
 2.45399E+02    3.17704E-03
 2.46914E+02    2.85768E-03
 2.48447E+02    2.43656E-03
 2.50000E+02    2.14890E-03
 2.51572E+02    1.93339E-03
 2.53165E+02    1.70349E-03
 2.54777E+02    1.52391E-03
 2.56410E+02    1.38508E-03
 2.58065E+02    1.23057E-03
 2.59740E+02    1.09224E-03
 2.61438E+02    9.77079E-04
 2.63158E+02    8.36336E-04
 2.64901E+02    7.16479E-04
 2.66667E+02    6.32874E-04
