 7.10480E+01    1.14047E-03
 7.14286E+01    1.38521E-03
 7.18133E+01    1.34162E-03
 7.67754E+01    1.05310E-03
 7.69231E+01    1.05352E-03
 7.72201E+01    1.43284E-03
 7.73694E+01    1.83019E-03
 7.75194E+01    1.19973E-03
 7.76699E+01    1.97097E-03
 7.78210E+01    2.57355E-03
 7.79727E+01    1.84083E-03
 7.81250E+01    2.42575E-03
 7.82779E+01    3.34988E-03
 7.84314E+01    2.73597E-03
 7.85855E+01    3.11696E-03
 7.87402E+01    4.34279E-03
 7.88955E+01    4.26331E-03
 7.90514E+01    5.01408E-03
 7.92079E+01    6.92797E-03
 7.93651E+01    7.36402E-03
 7.95229E+01    8.08492E-03
 7.96813E+01    1.02039E-02
 7.98403E+01    1.09950E-02
 8.00000E+01    1.17662E-02
 8.01603E+01    1.43186E-02
 8.03213E+01    1.59076E-02
 8.04829E+01    1.73055E-02
 8.06452E+01    2.10199E-02
 8.08081E+01    2.44321E-02
 8.09717E+01    2.69196E-02
 8.11359E+01    3.15702E-02
 8.13008E+01    3.74218E-02
 8.14664E+01    4.30413E-02
 8.16327E+01    4.95216E-02
 8.17996E+01    5.62583E-02
 8.19672E+01    6.37517E-02
 8.21355E+01    7.31670E-02
 8.23045E+01    8.32909E-02
 8.24742E+01    9.59364E-02
 8.26446E+01    1.10056E-01
 8.28157E+01    1.24870E-01
 8.29875E+01    1.41606E-01
 8.31601E+01    1.59320E-01
 8.33333E+01    1.76591E-01
 8.35073E+01    1.94739E-01
 8.36820E+01    2.13153E-01
 8.38574E+01    2.29495E-01
 8.40336E+01    2.45081E-01
 8.42105E+01    2.54170E-01
 8.43882E+01    2.67139E-01
 8.45666E+01    2.79403E-01
 8.47458E+01    2.92587E-01
 8.49257E+01    3.06160E-01
 8.51064E+01    3.21244E-01
 8.52878E+01    3.38121E-01
 8.54701E+01    3.54269E-01
 8.56531E+01    3.69777E-01
 8.58369E+01    3.84784E-01
 8.60215E+01    3.95785E-01
 8.62069E+01    4.05099E-01
 8.63931E+01    4.13171E-01
 8.65801E+01    4.17793E-01
 8.67679E+01    4.19763E-01
 8.69565E+01    4.21199E-01
 8.71460E+01    4.21018E-01
 8.73362E+01    4.19181E-01
 8.75274E+01    4.17743E-01
 8.77193E+01    4.15890E-01
 8.79121E+01    4.13001E-01
 8.81057E+01    4.11058E-01
 8.83002E+01    4.09497E-01
 8.84956E+01    4.06669E-01
 8.86918E+01    4.04389E-01
 8.88889E+01    4.02457E-01
 8.90869E+01    3.99141E-01
 8.92857E+01    3.95484E-01
 8.94855E+01    3.93326E-01
 8.96861E+01    3.90443E-01
 8.98876E+01    3.88487E-01
 9.00901E+01    3.89549E-01
 9.02935E+01    3.92408E-01
 9.04977E+01    3.97636E-01
 9.07029E+01    4.06133E-01
 9.09091E+01    4.14332E-01
 9.11162E+01    4.22729E-01
 9.13242E+01    4.33847E-01
 9.15332E+01    4.44986E-01
 9.17431E+01    4.54971E-01
 9.19540E+01    4.66264E-01
 9.21659E+01    4.77057E-01
 9.23788E+01    4.86527E-01
 9.25926E+01    4.97256E-01
 9.28074E+01    5.07679E-01
 9.30233E+01    5.15874E-01
 9.32401E+01    5.24567E-01
 9.34579E+01    5.33456E-01
 9.36768E+01    5.39286E-01
 9.38967E+01    5.44452E-01
 9.41176E+01    5.49201E-01
 9.43396E+01    5.50730E-01
 9.45626E+01    5.51477E-01
 9.47867E+01    5.53823E-01
 9.50119E+01    5.54963E-01
 9.52381E+01    5.56390E-01
 9.54654E+01    5.59004E-01
 9.56938E+01    5.59506E-01
 9.59233E+01    5.58828E-01
 9.61538E+01    5.61546E-01
 9.63855E+01    5.63065E-01
 9.66184E+01    5.61562E-01
 9.68523E+01    5.62338E-01
 9.70874E+01    5.63218E-01
 9.73236E+01    5.61949E-01
 9.75610E+01    5.62638E-01
 9.77995E+01    5.63206E-01
 9.80392E+01    5.61560E-01
 9.82801E+01    5.61125E-01
 9.85222E+01    5.60609E-01
 9.87654E+01    5.56759E-01
 9.90099E+01    5.52259E-01
 9.92556E+01    5.47500E-01
 9.95025E+01    5.39488E-01
 9.97506E+01    5.32138E-01
 1.00000E+02    5.28216E-01
 1.00251E+02    5.23196E-01
 1.00503E+02    5.17459E-01
 1.00756E+02    5.13071E-01
 1.01010E+02    5.06099E-01
 1.01266E+02    4.99438E-01
 1.01523E+02    4.96627E-01
 1.01781E+02    4.94154E-01
 1.02041E+02    4.89666E-01
 1.02302E+02    4.87095E-01
 1.02564E+02    4.84776E-01
 1.02828E+02    4.81079E-01
 1.03093E+02    4.79631E-01
 1.03359E+02    4.78675E-01
 1.03627E+02    4.75078E-01
 1.03896E+02    4.70883E-01
 1.04167E+02    4.65699E-01
 1.04439E+02    4.57812E-01
 1.04712E+02    4.51118E-01
 1.04987E+02    4.45658E-01
 1.05263E+02    4.36557E-01
 1.05541E+02    4.27159E-01
 1.05820E+02    4.23420E-01
 1.06101E+02    4.18348E-01
 1.06383E+02    4.13777E-01
 1.06667E+02    4.15784E-01
 1.06952E+02    4.17637E-01
 1.07239E+02    4.16995E-01
 1.07527E+02    4.19848E-01
 1.07817E+02    4.19363E-01
 1.08108E+02    4.14436E-01
 1.08401E+02    4.15259E-01
 1.08696E+02    4.17280E-01
 1.08992E+02    4.11863E-01
 1.09290E+02    4.09581E-01
 1.09589E+02    4.10442E-01
 1.09890E+02    4.05197E-01
 1.10193E+02    4.03272E-01
 1.10497E+02    4.05892E-01
 1.10803E+02    4.02199E-01
 1.11111E+02    3.99544E-01
 1.11421E+02    4.02993E-01
 1.11732E+02    3.99282E-01
 1.12045E+02    3.95610E-01
 1.12360E+02    3.98436E-01
 1.12676E+02    3.95597E-01
 1.12994E+02    3.90850E-01
 1.13314E+02    3.91506E-01
 1.13636E+02    3.87455E-01
 1.13960E+02    3.80272E-01
 1.14286E+02    3.79300E-01
 1.14613E+02    3.77460E-01
 1.14943E+02    3.70812E-01
 1.15274E+02    3.68152E-01
 1.15607E+02    3.65507E-01
 1.15942E+02    3.57743E-01
 1.16279E+02    3.53707E-01
 1.16618E+02    3.51725E-01
 1.16959E+02    3.44467E-01
 1.17302E+02    3.39448E-01
 1.17647E+02    3.37100E-01
 1.17994E+02    3.28640E-01
 1.18343E+02    3.20901E-01
 1.18694E+02    3.16433E-01
 1.19048E+02    3.06824E-01
 1.19403E+02    2.96752E-01
 1.19760E+02    2.89479E-01
 1.20120E+02    2.78005E-01
 1.20482E+02    2.64978E-01
 1.20846E+02    2.54593E-01
 1.21212E+02    2.41457E-01
 1.21581E+02    2.26492E-01
 1.21951E+02    2.13822E-01
 1.22324E+02    1.99271E-01
 1.22699E+02    1.82726E-01
 1.23077E+02    1.68150E-01
 1.23457E+02    1.53141E-01
 1.23839E+02    1.36652E-01
 1.24224E+02    1.22061E-01
 1.24611E+02    1.08506E-01
 1.25000E+02    9.42438E-02
 1.25392E+02    8.11293E-02
 1.25786E+02    6.93207E-02
 1.26183E+02    5.78885E-02
 1.26582E+02    4.81719E-02
 1.26984E+02    3.99606E-02
 1.27389E+02    3.22435E-02
 1.27796E+02    2.56871E-02
 1.28205E+02    2.04277E-02
 1.28617E+02    1.57687E-02
 1.29032E+02    1.20588E-02
 1.29450E+02    9.50236E-03
 1.29870E+02    7.68156E-03
 1.30293E+02    6.40277E-03
 1.30719E+02    5.69227E-03
 1.31148E+02    5.39899E-03
 1.31579E+02    5.23841E-03
 1.32013E+02    5.21725E-03
 1.32450E+02    5.26730E-03
 1.32890E+02    5.35531E-03
 1.33333E+02    5.48531E-03
 1.33779E+02    5.51285E-03
 1.34228E+02    5.37718E-03
 1.34680E+02    5.15393E-03
 1.35135E+02    4.85926E-03
 1.35593E+02    4.51368E-03
 1.36054E+02    4.21094E-03
 1.36519E+02    3.92500E-03
 1.36986E+02    3.56359E-03
 1.37457E+02    3.20828E-03
 1.37931E+02    2.85608E-03
 1.38408E+02    2.44698E-03
 1.38889E+02    2.08730E-03
 1.39373E+02    1.84184E-03
 1.39860E+02    1.58822E-03
 1.40351E+02    1.31467E-03
 1.40845E+02    1.08607E-03
 1.41343E+02    8.73349E-04
