 2.86647E+02      1.10514E-02
 2.87144E+02      1.00204E-02
 2.89143E+02      1.12525E-02
 2.89649E+02      1.34752E-02
 2.90154E+02      1.43398E-02
 2.90663E+02      1.25075E-02
 2.91174E+02      1.19096E-02
 2.91684E+02      1.25759E-02
 2.92198E+02      2.16310E-02
 2.92715E+02      2.84517E-02
 2.93230E+02      1.89428E-02
 2.93750E+02      1.25558E-02
 2.94269E+02      1.93016E-02
 2.94793E+02      2.97834E-02
 2.95318E+02      2.68021E-02
 2.95843E+02      1.89760E-02
 2.96372E+02      1.94462E-02
 2.96904E+02      3.05900E-02
 2.97434E+02      4.57362E-02
 2.97969E+02      4.26434E-02
 2.98503E+02      3.24620E-02
 2.99042E+02      3.57370E-02
 2.99583E+02      3.94103E-02
 3.00124E+02      4.15621E-02
 3.00667E+02      5.11701E-02
 3.01213E+02      5.34249E-02
 3.01761E+02      4.37908E-02
 3.02310E+02      3.99353E-02
 3.02862E+02      4.20929E-02
 3.03416E+02      3.59845E-02
 3.03971E+02      2.90567E-02
 3.04529E+02      4.48763E-02
 3.05089E+02      8.03968E-02
 3.05651E+02      9.20419E-02
 3.06215E+02      7.03374E-02
 3.06781E+02      5.79137E-02
 3.07349E+02      8.70442E-02
 3.07919E+02      1.36459E-01
 3.08491E+02      1.33649E-01
 3.09066E+02      9.74604E-02
 3.09642E+02      1.04284E-01
 3.10221E+02      1.35916E-01
 3.10802E+02      1.21323E-01
 3.11385E+02      7.93137E-02
 3.11971E+02      7.79877E-02
 3.12558E+02      9.84158E-02
 3.13148E+02      1.13654E-01
 3.13740E+02      1.04426E-01
 3.14334E+02      8.47955E-02
 3.14931E+02      9.00590E-02
 3.15529E+02      1.02120E-01
 3.16130E+02      1.41993E-01
 3.16734E+02      1.97395E-01
 3.17339E+02      2.02518E-01
 3.17947E+02      1.70189E-01
 3.18557E+02      1.90461E-01
 3.19170E+02      2.84439E-01
 3.19785E+02      2.97089E-01
 3.20402E+02      1.95906E-01
 3.21022E+02      1.52178E-01
 3.21644E+02      2.21346E-01
 3.22269E+02      2.73502E-01
 3.22896E+02      1.86947E-01
 3.23525E+02      9.88631E-02
 3.24157E+02      1.24372E-01
 3.24791E+02      2.08230E-01
 3.25428E+02      2.86101E-01
 3.26068E+02      2.55802E-01
 3.26709E+02      2.14409E-01
 3.27354E+02      2.59287E-01
 3.28001E+02      3.34123E-01
 3.28650E+02      4.08440E-01
 3.29302E+02      4.03778E-01
 3.29957E+02      3.62584E-01
 3.30614E+02      3.91219E-01
 3.31274E+02      4.91425E-01
 3.31937E+02      5.22869E-01
 3.32602E+02      4.09146E-01
 3.33270E+02      3.04459E-01
 3.33941E+02      3.69267E-01
 3.34614E+02      6.12620E-01
 3.35290E+02      6.99401E-01
 3.35969E+02      4.43282E-01
 3.36650E+02      3.32523E-01
 3.37334E+02      5.42540E-01
 3.38021E+02      7.09184E-01
 3.38711E+02      6.41336E-01
 3.39404E+02      5.09840E-01
 3.40099E+02      5.85743E-01
 3.40798E+02      7.84537E-01
 3.41499E+02      8.38233E-01
 3.42203E+02      6.70660E-01
 3.42910E+02      5.21971E-01
 3.43620E+02      5.77995E-01
 3.44333E+02      6.84109E-01
 3.45049E+02      6.83015E-01
 3.45767E+02      6.17518E-01
 3.46489E+02      5.51701E-01
 3.47214E+02      5.66289E-01
 3.47942E+02      7.27726E-01
 3.48673E+02      8.55408E-01
 3.49407E+02      7.93559E-01
 3.50144E+02      6.92768E-01
 3.50884E+02      8.02551E-01
 3.51628E+02      9.99452E-01
 3.52374E+02      9.77108E-01
 3.53124E+02      7.44976E-01
 3.53877E+02      6.56981E-01
 3.54633E+02      8.45692E-01
 3.55393E+02      1.00000E+00
 3.56156E+02      8.98358E-01
 3.56921E+02      6.69371E-01
 3.57690E+02      5.87632E-01
 3.58463E+02      6.52294E-01
 3.59239E+02      7.50953E-01
 3.60018E+02      7.85407E-01
 3.60801E+02      7.69637E-01
 3.61587E+02      8.18637E-01
 3.62376E+02      8.42042E-01
 3.63170E+02      7.60792E-01
 3.63966E+02      6.28217E-01
 3.64766E+02      6.00530E-01
 3.65569E+02      7.48414E-01
 3.66376E+02      8.30393E-01
 3.67187E+02      7.89141E-01
 3.68001E+02      7.49264E-01
 3.68819E+02      6.55911E-01
 3.69640E+02      5.80348E-01
 3.70465E+02      6.01023E-01
 3.71294E+02      7.38113E-01
 3.72126E+02      8.55031E-01
 3.72962E+02      8.38287E-01
 3.73803E+02      7.21452E-01
 3.74646E+02      5.09737E-01
 3.75494E+02      4.02489E-01
 3.76346E+02      4.78031E-01
 3.77201E+02      6.77540E-01
 3.78060E+02      7.29559E-01
 3.78923E+02      5.53379E-01
 3.79790E+02      4.70508E-01
 3.80661E+02      4.73949E-01
 3.81537E+02      5.21870E-01
 3.82416E+02      5.87309E-01
 3.83299E+02      5.55724E-01
 3.84186E+02      5.78911E-01
 3.85077E+02      6.44857E-01
 3.85973E+02      5.85644E-01
 3.86873E+02      4.61852E-01
 3.87777E+02      3.45367E-01
 3.88685E+02      3.21862E-01
 3.89597E+02      3.69387E-01
 3.90514E+02      3.97367E-01
 3.91435E+02      3.14865E-01
 3.92361E+02      1.69631E-01
 3.93290E+02      1.30190E-01
 3.94224E+02      1.55542E-01
 3.95163E+02      1.72012E-01
 3.96106E+02      1.46025E-01
 3.97053E+02      1.03463E-01
 3.98005E+02      9.10281E-02
 3.98963E+02      8.79571E-02
 3.99924E+02      8.73734E-02
 4.00890E+02      8.38922E-02
 4.01861E+02      8.55185E-02
 4.02836E+02      1.33761E-01
 4.03816E+02      1.82812E-01
 4.04801E+02      1.61523E-01
 4.05791E+02      1.06536E-01
 4.06785E+02      8.03750E-02
 4.07785E+02      8.83772E-02
 4.08789E+02      9.88604E-02
 4.09798E+02      9.74322E-02
 4.10813E+02      7.05692E-02
 4.11832E+02      5.24355E-02
 4.12857E+02      7.27538E-02
 4.13886E+02      7.75215E-02
 4.14921E+02      4.80088E-02
 4.15961E+02      2.55485E-02
 4.17006E+02      3.14311E-02
 4.18056E+02      4.65116E-02
 4.19112E+02      4.43824E-02
 4.20173E+02      3.01940E-02
 4.21240E+02      1.94775E-02
 4.22311E+02      1.74845E-02
 4.23389E+02      2.63406E-02
 4.24472E+02      3.62758E-02
 4.25560E+02      3.17648E-02
 4.26654E+02      2.02073E-02
 4.27754E+02      1.98416E-02
 4.28859E+02      2.97906E-02
 4.29970E+02      3.18774E-02
 4.31087E+02      2.27643E-02
 4.32209E+02      1.40172E-02
 4.33338E+02      1.17221E-02
 4.34472E+02      1.41902E-02
 4.35613E+02      1.10069E-02
 4.39070E+02      1.04735E-02
