      773.060    0.0110000
      773.259    0.0110000
      773.458    0.0110000
      773.658    0.0110000
      773.858    0.0110000
      774.057    0.0110000
      774.257    0.0120000
      774.457    0.0120000
      774.658    0.0120000
      774.858    0.0120000
      775.058    0.0120000
      775.258    0.0130000
      775.459    0.0130000
      775.660    0.0130000
      775.860    0.0130000
      776.061    0.0130000
      776.262    0.0130000
      776.463    0.0140000
      776.664    0.0140000
      776.866    0.0140000
      777.067    0.0140000
      777.268    0.0140000
      777.470    0.0140000
      777.672    0.0150000
      777.874    0.0150000
      778.075    0.0150000
      778.277    0.0150000
      778.479    0.0150000
      778.682    0.0150000
      778.884    0.0160000
      779.086    0.0160000
      779.289    0.0160000
      779.492    0.0160000
      779.694    0.0160000
      779.897    0.0160000
      780.100    0.0170000
      780.303    0.0170000
      780.506    0.0170000
      780.710    0.0170000
      780.913    0.0170000
      781.116    0.0180000
      781.320    0.0180000
      781.524    0.0180000
      781.727    0.0180000
      781.931    0.0180000
      782.135    0.0190000
      782.339    0.0190000
      782.544    0.0190000
      782.748    0.0200000
      782.952    0.0200000
      783.157    0.0200000
      783.362    0.0200000
      783.566    0.0210000
      783.771    0.0210000
      783.976    0.0210000
      784.181    0.0210000
      784.386    0.0220000
      784.592    0.0220000
      784.797    0.0220000
      785.003    0.0230000
      785.208    0.0230000
      785.414    0.0230000
      785.620    0.0240000
      785.826    0.0240000
      786.032    0.0240000
      786.238    0.0250000
      786.444    0.0250000
      786.650    0.0250000
      786.857    0.0260000
      787.063    0.0260000
      787.270    0.0260000
      787.477    0.0270000
      787.684    0.0270000
      787.891    0.0270000
      788.098    0.0280000
      788.305    0.0280000
      788.513    0.0290000
      788.720    0.0290000
      788.928    0.0290000
      789.135    0.0300000
      789.343    0.0300000
      789.551    0.0300000
      789.759    0.0310000
      789.967    0.0310000
      790.175    0.0320000
      790.384    0.0320000
      790.592    0.0320000
      790.800    0.0330000
      791.009    0.0330000
      791.218    0.0340000
      791.427    0.0340000
      791.636    0.0350000
      791.845    0.0350000
      792.054    0.0360000
      792.263    0.0360000
      792.473    0.0370000
      792.682    0.0370000
      792.892    0.0380000
      793.102    0.0380000
      793.312    0.0390000
      793.522    0.0390000
      793.732    0.0400000
      793.942    0.0400000
      794.152    0.0410000
      794.363    0.0410000
      794.573    0.0420000
      794.784    0.0430000
      794.995    0.0430000
      795.206    0.0440000
      795.417    0.0450000
      795.628    0.0450000
      795.839    0.0460000
      796.050    0.0470000
      796.262    0.0470000
      796.473    0.0480000
      796.685    0.0490000
      796.896    0.0490000
      797.108    0.0500000
      797.320    0.0510000
      797.533    0.0510000
      797.745    0.0520000
      797.957    0.0530000
      798.169    0.0540000
      798.382    0.0550000
      798.595    0.0560000
      798.808    0.0570000
      799.020    0.0570000
      799.233    0.0580000
      799.447    0.0590000
      799.660    0.0600000
      799.873    0.0610000
      800.087    0.0620000
      800.300    0.0630000
      800.514    0.0640000
      800.728    0.0640000
      800.942    0.0650000
      801.156    0.0670000
      801.370    0.0680000
      801.584    0.0690000
      801.799    0.0700000
      802.013    0.0710000
      802.228    0.0720000
      802.442    0.0730000
      802.657    0.0740000
      802.872    0.0760000
      803.087    0.0770000
      803.302    0.0780000
      803.518    0.0790000
      803.733    0.0800000
      803.949    0.0810000
      804.164    0.0830000
      804.380    0.0840000
      804.596    0.0850000
      804.812    0.0870000
      805.028    0.0880000
      805.244    0.0900000
      805.461    0.0910000
      805.677    0.0930000
      805.894    0.0940000
      806.110    0.0960000
      806.327    0.0970000
      806.544    0.0990000
      806.761     0.100000
      806.978     0.102000
      807.196     0.103000
      807.413     0.105000
      807.631     0.107000
      807.848     0.108000
      808.066     0.110000
      808.284     0.112000
      808.502     0.114000
      808.720     0.116000
      808.938     0.118000
      809.156     0.120000
      809.375     0.122000
      809.594     0.124000
      809.812     0.126000
      810.031     0.127000
      810.250     0.129000
      810.469     0.131000
      810.688     0.133000
      810.907     0.136000
      811.127     0.138000
      811.346     0.140000
      811.566     0.143000
      811.786     0.145000
      812.006     0.147000
      812.226     0.150000
      812.446     0.152000
      812.666     0.154000
      812.886     0.157000
      813.107     0.159000
      813.327     0.161000
      813.548     0.164000
      813.769     0.166000
      813.990     0.169000
      814.211     0.171000
      814.432     0.174000
      814.653     0.177000
      814.875     0.179000
      815.096     0.182000
      815.318     0.185000
      815.540     0.187000
      815.762     0.190000
      815.984     0.192000
      816.206     0.195000
      816.428     0.198000
      816.651     0.200000
      816.873     0.203000
      817.096     0.206000
      817.319     0.208000
      817.542     0.211000
      817.764     0.214000
      817.988     0.218000
      818.211     0.221000
      818.434     0.224000
      818.658     0.227000
      818.881     0.230000
      819.105     0.233000
      819.329     0.236000
      819.553     0.240000
      819.777     0.243000
      820.001     0.246000
      820.226     0.249000
      820.450     0.252000
      820.675     0.256000
      820.899     0.259000
      821.124     0.262000
      821.349     0.264000
      821.574     0.267000
      821.800     0.270000
      822.025     0.273000
      822.250     0.276000
      822.476     0.279000
      822.702     0.282000
      822.927     0.284000
      823.153     0.287000
      823.379     0.290000
      823.606     0.293000
      823.832     0.296000
      824.058     0.299000
      824.285     0.302000
      824.512     0.304000
      824.739     0.307000
      824.966     0.310000
      825.193     0.313000
      825.420     0.315000
      825.647     0.318000
      825.875     0.321000
      826.102     0.324000
      826.330     0.326000
      826.558     0.329000
      826.786     0.332000
      827.014     0.335000
      827.242     0.337000
      827.470     0.340000
      827.699     0.343000
      827.927     0.346000
      828.156     0.349000
      828.385     0.351000
      828.614     0.354000
      828.843     0.357000
      829.072     0.359000
      829.301     0.362000
      829.531     0.365000
      829.760     0.368000
      829.990     0.371000
      830.220     0.373000
      830.450     0.376000
      830.680     0.379000
      830.910     0.382000
      831.141     0.385000
      831.371     0.387000
      831.602     0.389000
      831.833     0.391000
      832.063     0.393000
      832.294     0.395000
      832.526     0.397000
      832.757     0.399000
      832.988     0.400000
      833.220     0.402000
      833.451     0.404000
      833.683     0.406000
      833.915     0.408000
      834.147     0.410000
      834.379     0.412000
      834.612     0.415000
      834.844     0.417000
      835.077     0.418000
      835.309     0.420000
      835.542     0.422000
      835.775     0.424000
      836.008     0.426000
      836.241     0.428000
      836.475     0.430000
      836.708     0.432000
      836.942     0.434000
      837.175     0.436000
      837.409     0.439000
      837.643     0.441000
      837.877     0.443000
      838.111     0.445000
      838.346     0.446000
      838.580     0.447000
      838.815     0.448000
      839.050     0.448000
      839.285     0.449000
      839.520     0.450000
      839.755     0.450000
      839.990     0.451000
      840.226     0.452000
      840.461     0.452000
      840.697     0.453000
      840.933     0.454000
      841.169     0.454000
      841.405     0.455000
      841.641     0.456000
      841.877     0.456000
      842.114     0.456000
      842.350     0.456000
      842.587     0.456000
      842.824     0.456000
      843.061     0.455000
      843.298     0.455000
      843.535     0.455000
      843.773     0.455000
      844.010     0.455000
      844.248     0.455000
      844.486     0.454000
      844.724     0.454000
      844.962     0.454000
      845.200     0.454000
      845.438     0.454000
      845.677     0.454000
      845.916     0.453000
      846.154     0.453000
      846.393     0.453000
      846.632     0.453000
      846.871     0.453000
      847.111     0.453000
      847.350     0.452000
      847.590     0.452000
      847.829     0.452000
      848.069     0.452000
      848.309     0.452000
      848.549     0.452000
      848.789     0.451000
      849.030     0.451000
      849.270     0.451000
      849.511     0.452000
      849.752     0.452000
      849.993     0.452000
      850.234     0.452000
      850.475     0.452000
      850.716     0.453000
      850.958     0.453000
      851.199     0.453000
      851.441     0.453000
      851.683     0.454000
      851.925     0.454000
      852.167     0.454000
      852.410     0.454000
      852.652     0.454000
      852.895     0.454000
      853.137     0.454000
      853.380     0.455000
      853.623     0.455000
      853.866     0.455000
      854.110     0.455000
      854.353     0.455000
      854.597     0.455000
      854.840     0.455000
      855.084     0.455000
      855.328     0.455000
      855.572     0.455000
      855.816     0.455000
      856.061     0.455000
      856.305     0.455000
      856.550     0.454000
      856.795     0.454000
      857.040     0.453000
      857.285     0.452000
      857.530     0.452000
      857.775     0.451000
      858.021     0.450000
      858.266     0.450000
      858.512     0.449000
      858.758     0.448000
      859.004     0.448000
      859.250     0.447000
      859.497     0.446000
      859.743     0.446000
      859.990     0.445000
      860.237     0.444000
      860.484     0.444000
      860.731     0.445000
      860.978     0.445000
      861.225     0.445000
      861.473     0.445000
      861.720     0.446000
      861.968     0.446000
      862.216     0.446000
      862.464     0.446000
      862.712     0.446000
      862.961     0.447000
      863.209     0.447000
      863.458     0.447000
      863.706     0.447000
      863.955     0.447000
      864.204     0.447000
      864.453     0.447000
      864.703     0.447000
      864.952     0.447000
      865.202     0.447000
      865.452     0.447000
      865.702     0.447000
      865.952     0.447000
      866.202     0.447000
      866.452     0.447000
      866.703     0.447000
      866.953     0.447000
      867.204     0.447000
      867.455     0.447000
      867.706     0.447000
      867.957     0.447000
      868.209     0.446000
      868.460     0.445000
      868.712     0.445000
      868.964     0.444000
      869.216     0.444000
      869.468     0.443000
      869.720     0.443000
      869.972     0.442000
      870.225     0.442000
      870.478     0.441000
      870.730     0.441000
      870.983     0.440000
      871.236     0.440000
      871.490     0.439000
      871.743     0.439000
      871.997     0.438000
      872.250     0.438000
      872.504     0.438000
      872.758     0.437000
      873.012     0.437000
      873.267     0.437000
      873.521     0.436000
      873.776     0.436000
      874.031     0.436000
      874.285     0.435000
      874.540     0.435000
      874.796     0.435000
      875.051     0.434000
      875.306     0.434000
      875.562     0.433000
      875.818     0.432000
      876.074     0.431000
      876.330     0.430000
      876.586     0.429000
      876.843     0.428000
      877.099     0.427000
      877.356     0.426000
      877.613     0.425000
      877.870     0.424000
      878.127     0.423000
      878.384     0.422000
      878.641     0.421000
      878.899     0.420000
      879.157     0.419000
      879.415     0.418000
      879.673     0.417000
      879.931     0.416000
      880.189     0.415000
      880.448     0.413000
      880.706     0.412000
      880.965     0.411000
      881.224     0.410000
      881.483     0.409000
      881.743     0.408000
      882.002     0.407000
      882.262     0.406000
      882.521     0.404000
      882.781     0.403000
      883.041     0.402000
      883.301     0.401000
      883.562     0.399000
      883.822     0.397000
      884.083     0.396000
      884.344     0.394000
      884.605     0.392000
      884.866     0.390000
      885.127     0.388000
      885.388     0.386000
      885.650     0.384000
      885.912     0.383000
      886.173     0.381000
      886.435     0.379000
      886.698     0.377000
      886.960     0.375000
      887.222     0.373000
      887.485     0.371000
      887.748     0.369000
      888.011     0.366000
      888.274     0.364000
      888.537     0.362000
      888.801     0.359000
      889.064     0.357000
      889.328     0.355000
      889.592     0.352000
      889.856     0.350000
      890.120     0.348000
      890.384     0.345000
      890.649     0.343000
      890.914     0.341000
      891.179     0.338000
      891.444     0.336000
      891.709     0.334000
      891.974     0.332000
      892.240     0.330000
      892.505     0.328000
      892.771     0.326000
      893.037     0.324000
      893.303     0.322000
      893.569     0.320000
      893.836     0.318000
      894.102     0.316000
      894.369     0.314000
      894.636     0.312000
      894.903     0.310000
      895.170     0.308000
      895.438     0.306000
      895.705     0.304000
      895.973     0.301000
      896.241     0.299000
      896.509     0.297000
      896.777     0.294000
      897.045     0.292000
      897.314     0.290000
      897.582     0.288000
      897.851     0.285000
      898.120     0.283000
      898.389     0.281000
      898.658     0.278000
      898.928     0.276000
      899.198     0.274000
      899.467     0.271000
      899.737     0.269000
      900.007     0.266000
      900.278     0.263000
      900.548     0.260000
      900.819     0.257000
      901.089     0.255000
      901.360     0.252000
      901.631     0.249000
      901.903     0.246000
      902.174     0.244000
      902.446     0.241000
      902.717     0.238000
      902.989     0.235000
      903.261     0.233000
      903.534     0.230000
      903.806     0.227000
      904.079     0.224000
      904.351     0.221000
      904.624     0.218000
      904.897     0.215000
      905.170     0.212000
      905.444     0.209000
      905.717     0.206000
      905.991     0.203000
      906.265     0.200000
      906.539     0.197000
      906.813     0.195000
      907.088     0.192000
      907.362     0.189000
      907.637     0.186000
      907.912     0.183000
      908.187     0.181000
      908.462     0.179000
      908.737     0.177000
      909.013     0.175000
      909.289     0.172000
      909.565     0.170000
      909.841     0.168000
      910.117     0.166000
      910.393     0.164000
      910.670     0.162000
      910.946     0.160000
      911.223     0.157000
      911.500     0.155000
      911.778     0.153000
      912.055     0.151000
      912.333     0.149000
      912.610     0.148000
      912.888     0.146000
      913.166     0.144000
      913.444     0.142000
      913.723     0.141000
      914.001     0.139000
      914.280     0.137000
      914.559     0.136000
      914.838     0.134000
      915.117     0.132000
      915.397     0.130000
      915.676     0.129000
      915.956     0.127000
      916.236     0.125000
      916.516     0.123000
      916.797     0.122000
      917.077     0.120000
      917.358     0.118000
      917.638     0.116000
      917.919     0.114000
      918.201     0.113000
      918.482     0.111000
      918.763     0.109000
      919.045     0.107000
      919.327     0.105000
      919.609     0.104000
      919.891     0.102000
      920.173     0.100000
      920.456    0.0980000
      920.739    0.0970000
      921.021    0.0960000
      921.304    0.0950000
      921.588    0.0930000
      921.871    0.0920000
      922.155    0.0910000
      922.438    0.0900000
      922.722    0.0880000
      923.006    0.0870000
      923.291    0.0860000
      923.575    0.0850000
      923.860    0.0830000
      924.144    0.0820000
      924.430    0.0810000
      924.715    0.0790000
      925.000    0.0780000
      925.285    0.0770000
      925.571    0.0760000
      925.857    0.0750000
      926.143    0.0740000
      926.429    0.0730000
      926.716    0.0720000
      927.002    0.0710000
      927.289    0.0700000
      927.576    0.0690000
      927.863    0.0680000
      928.150    0.0670000
      928.438    0.0650000
      928.725    0.0640000
      929.013    0.0630000
      929.301    0.0620000
      929.589    0.0620000
      929.877    0.0610000
      930.166    0.0600000
      930.455    0.0590000
      930.743    0.0590000
      931.033    0.0580000
      931.322    0.0570000
      931.611    0.0560000
      931.901    0.0550000
      932.190    0.0550000
      932.480    0.0540000
      932.771    0.0530000
      933.061    0.0520000
      933.351    0.0520000
      933.642    0.0510000
      933.933    0.0500000
      934.224    0.0500000
      934.515    0.0490000
      934.807    0.0490000
      935.098    0.0480000
      935.390    0.0480000
      935.682    0.0470000
      935.974    0.0470000
      936.266    0.0460000
      936.559    0.0460000
      936.851    0.0450000
      937.144    0.0440000
      937.437    0.0440000
      937.731    0.0430000
      938.024    0.0430000
      938.318    0.0420000
      938.611    0.0420000
      938.905    0.0410000
      939.199    0.0400000
      939.494    0.0400000
      939.788    0.0390000
      940.083    0.0390000
      940.378    0.0380000
      940.673    0.0370000
      940.968    0.0370000
      941.264    0.0360000
      941.559    0.0360000
      941.855    0.0350000
      942.151    0.0340000
      942.447    0.0340000
      942.744    0.0330000
      943.040    0.0330000
      943.337    0.0330000
      943.634    0.0320000
      943.931    0.0320000
      944.228    0.0310000
      944.526    0.0310000
      944.823    0.0300000
      945.121    0.0300000
      945.419    0.0300000
      945.718    0.0290000
      946.016    0.0290000
      946.315    0.0280000
      946.613    0.0280000
      946.912    0.0270000
      947.212    0.0270000
      947.511    0.0270000
      947.811    0.0260000
      948.110    0.0260000
      948.410    0.0260000
      948.710    0.0250000
      949.011    0.0250000
      949.311    0.0250000
      949.612    0.0240000
      949.913    0.0240000
      950.214    0.0240000
      950.515    0.0230000
      950.817    0.0230000
      951.118    0.0230000
      951.420    0.0220000
      951.722    0.0220000
      952.024    0.0220000
      952.327    0.0210000
      952.629    0.0210000
      952.932    0.0210000
      953.235    0.0200000
      953.538    0.0200000
      953.842    0.0200000
      954.145    0.0200000
      954.449    0.0190000
      954.753    0.0190000
      955.057    0.0190000
      955.362    0.0180000
      955.666    0.0180000
      955.971    0.0180000
      956.276    0.0170000
      956.581    0.0170000
      956.886    0.0170000
      957.192    0.0170000
      957.497    0.0170000
      957.803    0.0160000
      958.110    0.0160000
      958.416    0.0160000
      958.722    0.0160000
      959.029    0.0160000
      959.336    0.0160000
      959.643    0.0150000
      959.950    0.0150000
      960.258    0.0150000
      960.565    0.0150000
      960.873    0.0150000
      961.181    0.0140000
      961.490    0.0140000
      961.798    0.0140000
      962.107    0.0140000
      962.416    0.0140000
      962.725    0.0140000
      963.034    0.0140000
      963.343    0.0130000
      963.653    0.0130000
      963.963    0.0130000
      964.273    0.0130000
      964.583    0.0130000
      964.894    0.0130000
      965.204    0.0120000
      965.515    0.0120000
      965.826    0.0120000
      966.138    0.0120000
      966.449    0.0120000
      966.761    0.0120000
      967.073    0.0110000
      967.385    0.0110000
      967.697    0.0110000
      968.009    0.0110000
      968.322    0.0110000
      968.635    0.0110000
