      415.916    0.0101000
      415.974    0.0102000
      416.032    0.0102000
      416.089    0.0103000
      416.147    0.0104000
      416.205    0.0105000
      416.263    0.0106000
      416.321    0.0107000
      416.378    0.0107000
      416.436    0.0108000
      416.494    0.0109000
      416.552    0.0110000
      416.610    0.0111000
      416.668    0.0112000
      416.726    0.0113000
      416.784    0.0114000
      416.842    0.0115000
      416.900    0.0116000
      416.958    0.0117000
      417.016    0.0118000
      417.074    0.0119000
      417.132    0.0120000
      417.190    0.0121000
      417.248    0.0122000
      417.306    0.0123000
      417.364    0.0124000
      417.422    0.0125000
      417.480    0.0126000
      417.538    0.0127000
      417.596    0.0128000
      417.655    0.0130000
      417.713    0.0131000
      417.771    0.0132000
      417.829    0.0133000
      417.887    0.0134000
      417.946    0.0135000
      418.004    0.0136000
      418.062    0.0138000
      418.121    0.0139000
      418.179    0.0140000
      418.237    0.0141000
      418.296    0.0142000
      418.354    0.0144000
      418.412    0.0145000
      418.471    0.0146000
      418.529    0.0147000
      418.588    0.0149000
      418.646    0.0150000
      418.705    0.0151000
      418.763    0.0153000
      418.822    0.0154000
      418.880    0.0155000
      418.939    0.0157000
      418.997    0.0158000
      419.056    0.0159000
      419.114    0.0161000
      419.173    0.0162000
      419.232    0.0164000
      419.290    0.0165000
      419.349    0.0167000
      419.408    0.0168000
      419.466    0.0170000
      419.525    0.0171000
      419.584    0.0173000
      419.642    0.0175000
      419.701    0.0176000
      419.760    0.0178000
      419.819    0.0179000
      419.877    0.0181000
      419.936    0.0182000
      419.995    0.0184000
      420.054    0.0186000
      420.113    0.0188000
      420.172    0.0190000
      420.231    0.0192000
      420.289    0.0193000
      420.348    0.0195000
      420.407    0.0197000
      420.466    0.0199000
      420.525    0.0201000
      420.584    0.0203000
      420.643    0.0205000
      420.702    0.0207000
      420.761    0.0209000
      420.820    0.0211000
      420.880    0.0213000
      420.939    0.0215000
      420.998    0.0217000
      421.057    0.0220000
      421.116    0.0222000
      421.175    0.0224000
      421.234    0.0226000
      421.294    0.0229000
      421.353    0.0231000
      421.412    0.0233000
      421.471    0.0236000
      421.530    0.0238000
      421.590    0.0240000
      421.649    0.0242000
      421.708    0.0245000
      421.768    0.0247000
      421.827    0.0249000
      421.886    0.0252000
      421.946    0.0255000
      422.005    0.0258000
      422.065    0.0261000
      422.124    0.0264000
      422.183    0.0266000
      422.243    0.0269000
      422.302    0.0272000
      422.362    0.0275000
      422.421    0.0278000
      422.481    0.0281000
      422.540    0.0284000
      422.600    0.0286000
      422.660    0.0289000
      422.719    0.0292000
      422.779    0.0296000
      422.838    0.0299000
      422.898    0.0303000
      422.958    0.0306000
      423.017    0.0310000
      423.077    0.0314000
      423.137    0.0317000
      423.197    0.0321000
      423.256    0.0324000
      423.316    0.0328000
      423.376    0.0332000
      423.436    0.0335000
      423.495    0.0339000
      423.555    0.0342000
      423.615    0.0346000
      423.675    0.0350000
      423.735    0.0355000
      423.795    0.0359000
      423.855    0.0363000
      423.915    0.0368000
      423.975    0.0372000
      424.035    0.0377000
      424.095    0.0381000
      424.155    0.0386000
      424.215    0.0390000
      424.275    0.0394000
      424.335    0.0399000
      424.395    0.0403000
      424.455    0.0408000
      424.515    0.0412000
      424.575    0.0417000
      424.635    0.0422000
      424.695    0.0427000
      424.756    0.0433000
      424.816    0.0438000
      424.876    0.0443000
      424.936    0.0448000
      424.996    0.0453000
      425.057    0.0459000
      425.117    0.0464000
      425.177    0.0469000
      425.238    0.0474000
      425.298    0.0479000
      425.358    0.0484000
      425.419    0.0490000
      425.479    0.0495000
      425.539    0.0501000
      425.600    0.0507000
      425.660    0.0514000
      425.721    0.0520000
      425.781    0.0526000
      425.842    0.0532000
      425.902    0.0538000
      425.963    0.0544000
      426.023    0.0551000
      426.084    0.0557000
      426.144    0.0563000
      426.205    0.0569000
      426.265    0.0575000
      426.326    0.0581000
      426.387    0.0587000
      426.447    0.0595000
      426.508    0.0602000
      426.569    0.0609000
      426.629    0.0617000
      426.690    0.0624000
      426.751    0.0632000
      426.812    0.0639000
      426.872    0.0646000
      426.933    0.0654000
      426.994    0.0661000
      427.055    0.0669000
      427.116    0.0676000
      427.177    0.0683000
      427.237    0.0691000
      427.298    0.0698000
      427.359    0.0707000
      427.420    0.0716000
      427.481    0.0725000
      427.542    0.0734000
      427.603    0.0743000
      427.664    0.0752000
      427.725    0.0762000
      427.786    0.0771000
      427.847    0.0780000
      427.908    0.0789000
      427.969    0.0799000
      428.030    0.0808000
      428.091    0.0817000
      428.153    0.0826000
      428.214    0.0835000
      428.275    0.0846000
      428.336    0.0857000
      428.397    0.0868000
      428.459    0.0880000
      428.520    0.0891000
      428.581    0.0902000
      428.642    0.0914000
      428.704    0.0925000
      428.765    0.0936000
      428.826    0.0948000
      428.888    0.0959000
      428.949    0.0971000
      429.010    0.0982000
      429.072    0.0994000
      429.133     0.100500
      429.195     0.101700
      429.256     0.103000
      429.318     0.104300
      429.379     0.105600
      429.441     0.106900
      429.502     0.108200
      429.564     0.109500
      429.625     0.110800
      429.687     0.112100
      429.748     0.113400
      429.810     0.114700
      429.872     0.116000
      429.933     0.117300
      429.995     0.118600
      430.057     0.119800
      430.118     0.121200
      430.180     0.122700
      430.242     0.124200
      430.304     0.125800
      430.365     0.127300
      430.427     0.128900
      430.489     0.130400
      430.551     0.132000
      430.613     0.133500
      430.674     0.135100
      430.736     0.136600
      430.798     0.138200
      430.860     0.139800
      430.922     0.141300
      430.984     0.142900
      431.046     0.144400
      431.108     0.146100
      431.170     0.147800
      431.232     0.149500
      431.294     0.151300
      431.356     0.153000
      431.418     0.154700
      431.480     0.156400
      431.542     0.158100
      431.604     0.159800
      431.667     0.161500
      431.729     0.163200
      431.791     0.164900
      431.853     0.166600
      431.915     0.168400
      431.978     0.170100
      432.040     0.171800
      432.102     0.173600
      432.164     0.175400
      432.227     0.177200
      432.289     0.179000
      432.351     0.180700
      432.414     0.182500
      432.476     0.184300
      432.539     0.186100
      432.601     0.187800
      432.663     0.189600
      432.726     0.191400
      432.788     0.193100
      432.851     0.194900
      432.913     0.196700
      432.976     0.198400
      433.038     0.200200
      433.101     0.202000
      433.164     0.203800
      433.226     0.205600
      433.289     0.207400
      433.351     0.209200
      433.414     0.211000
      433.477     0.212800
      433.539     0.214500
      433.602     0.216300
      433.665     0.218100
      433.728     0.219900
      433.790     0.221600
      433.853     0.223400
      433.916     0.225200
      433.979     0.227200
      434.042     0.229100
      434.104     0.231100
      434.167     0.233100
      434.230     0.235000
      434.293     0.237000
      434.356     0.239000
      434.419     0.241000
      434.482     0.242900
      434.545     0.244900
      434.608     0.246900
      434.671     0.248900
      434.734     0.250800
      434.797     0.252800
      434.860     0.254800
      434.923     0.256900
      434.986     0.259100
      435.049     0.261200
      435.112     0.263400
      435.176     0.265500
      435.239     0.267700
      435.302     0.269900
      435.365     0.272000
      435.428     0.274200
      435.492     0.276400
      435.555     0.278500
      435.618     0.280700
      435.682     0.282900
      435.745     0.285100
      435.808     0.287300
      435.872     0.289300
      435.935     0.291300
      435.998     0.293300
      436.062     0.295300
      436.125     0.297200
      436.189     0.299200
      436.252     0.301200
      436.316     0.303200
      436.379     0.305200
      436.443     0.307200
      436.506     0.309100
      436.570     0.311100
      436.633     0.313100
      436.697     0.315100
      436.761     0.317100
      436.824     0.319100
      436.888     0.321100
      436.952     0.323100
      437.015     0.325000
      437.079     0.327000
      437.143     0.329000
      437.206     0.331000
      437.270     0.333000
      437.334     0.335000
      437.398     0.337000
      437.462     0.339100
      437.525     0.341100
      437.589     0.343100
      437.653     0.345100
      437.717     0.347100
      437.781     0.349000
      437.845     0.350500
      437.909     0.352100
      437.973     0.353600
      438.037     0.355200
      438.101     0.356700
      438.165     0.358300
      438.229     0.359800
      438.293     0.361400
      438.357     0.362900
      438.421     0.364500
      438.485     0.366000
      438.550     0.367600
      438.614     0.369100
      438.678     0.370700
      438.742     0.372200
      438.806     0.373000
      438.871     0.373800
      438.935     0.374700
      438.999     0.375500
      439.063     0.376300
      439.128     0.377100
      439.192     0.377900
      439.256     0.378700
      439.321     0.379500
      439.385     0.380300
      439.450     0.381100
      439.514     0.381900
      439.578     0.382700
      439.643     0.383500
      439.707     0.384300
      439.772     0.384700
      439.836     0.385100
      439.901     0.385400
      439.965     0.385800
      440.030     0.386100
      440.095     0.386400
      440.159     0.386800
      440.224     0.387100
      440.289     0.387400
      440.353     0.387800
      440.418     0.388100
      440.483     0.388400
      440.547     0.388700
      440.612     0.389100
      440.677     0.389400
      440.742     0.389700
      440.806     0.389900
      440.871     0.390100
      440.936     0.390300
      441.001     0.390500
      441.066     0.390800
      441.131     0.391000
      441.196     0.391200
      441.261     0.391400
      441.326     0.391600
      441.391     0.391800
      441.456     0.392100
      441.521     0.392300
      441.586     0.392500
      441.651     0.392700
      441.716     0.393000
      441.781     0.393400
      441.846     0.393800
      441.911     0.394200
      441.976     0.394600
      442.041     0.395000
      442.107     0.395400
      442.172     0.395800
      442.237     0.396200
      442.302     0.396600
      442.368     0.397000
      442.433     0.397400
      442.498     0.397800
      442.563     0.398200
      442.629     0.398600
      442.694     0.399000
      442.760     0.399100
      442.825     0.399200
      442.890     0.399400
      442.956     0.399500
      443.021     0.399600
      443.087     0.399800
      443.152     0.399900
      443.218     0.400000
      443.283     0.400200
      443.349     0.400300
      443.414     0.400400
      443.480     0.400600
      443.546     0.400700
      443.611     0.400800
      443.677     0.401000
      443.743     0.401200
      443.808     0.401400
      443.874     0.401600
      443.940     0.401800
      444.005     0.402000
      444.071     0.402200
      444.137     0.402400
      444.203     0.402600
      444.269     0.402900
      444.334     0.403100
      444.400     0.403300
      444.466     0.403500
      444.532     0.403700
      444.598     0.403900
      444.664     0.404100
      444.730     0.404200
      444.796     0.404300
      444.862     0.404400
      444.928     0.404400
      444.994     0.404500
      445.060     0.404600
      445.126     0.404700
      445.192     0.404700
      445.258     0.404800
      445.325     0.404900
      445.391     0.405000
      445.457     0.405000
      445.523     0.405100
      445.589     0.405200
      445.656     0.405300
      445.722     0.405200
      445.788     0.405100
      445.854     0.404900
      445.921     0.404800
      445.987     0.404600
      446.053     0.404500
      446.120     0.404300
      446.186     0.404200
      446.253     0.404000
      446.319     0.403900
      446.385     0.403700
      446.452     0.403600
      446.518     0.403400
      446.585     0.403200
      446.651     0.403100
      446.718     0.403100
      446.785     0.403300
      446.851     0.403400
      446.918     0.403600
      446.984     0.403800
      447.051     0.404000
      447.118     0.404200
      447.184     0.404400
      447.251     0.404600
      447.318     0.404800
      447.385     0.405000
      447.451     0.405200
      447.518     0.405400
      447.585     0.405600
      447.652     0.405700
      447.719     0.405900
      447.786     0.405400
      447.852     0.404900
      447.919     0.404500
      447.986     0.404000
      448.053     0.403600
      448.120     0.403100
      448.187     0.402600
      448.254     0.402200
      448.321     0.401700
      448.388     0.401300
      448.455     0.400800
      448.523     0.400300
      448.590     0.399900
      448.657     0.399400
      448.724     0.399000
      448.791     0.398800
      448.858     0.398600
      448.926     0.398400
      448.993     0.398200
      449.060     0.398100
      449.127     0.397900
      449.195     0.397700
      449.262     0.397500
      449.329     0.397400
      449.397     0.397200
      449.464     0.397000
      449.531     0.396800
      449.599     0.396700
      449.666     0.396500
      449.734     0.396300
      449.801     0.396100
      449.869     0.396000
      449.936     0.395800
      450.004     0.395600
      450.071     0.395500
      450.139     0.395300
      450.206     0.395100
      450.274     0.395000
      450.342     0.394800
      450.409     0.394600
      450.477     0.394500
      450.545     0.394300
      450.612     0.394100
      450.680     0.394000
      450.748     0.393800
      450.816     0.393700
      450.884     0.393500
      450.951     0.393400
      451.019     0.393200
      451.087     0.393100
      451.155     0.392900
      451.223     0.392800
      451.291     0.392600
      451.359     0.392500
      451.427     0.392300
      451.495     0.392200
      451.563     0.392100
      451.631     0.391900
      451.699     0.391800
      451.767     0.391600
      451.835     0.391500
      451.903     0.391600
      451.971     0.391700
      452.039     0.391900
      452.107     0.392000
      452.176     0.392100
      452.244     0.392200
      452.312     0.392300
      452.380     0.392400
      452.449     0.392500
      452.517     0.392700
      452.585     0.392800
      452.654     0.392900
      452.722     0.393000
      452.790     0.393100
      452.859     0.393200
      452.927     0.392700
      452.996     0.392100
      453.064     0.391600
      453.133     0.391100
      453.201     0.390500
      453.270     0.390000
      453.338     0.389500
      453.407     0.388900
      453.475     0.388400
      453.544     0.387900
      453.612     0.387300
      453.681     0.386800
      453.750     0.386300
      453.818     0.385700
      453.887     0.385200
      453.956     0.384800
      454.025     0.384400
      454.093     0.384000
      454.162     0.383500
      454.231     0.383100
      454.300     0.382700
      454.369     0.382300
      454.438     0.381900
      454.507     0.381500
      454.575     0.381100
      454.644     0.380700
      454.713     0.380300
      454.782     0.379800
      454.851     0.379400
      454.920     0.379000
      454.989     0.378300
      455.058     0.377400
      455.127     0.376500
      455.197     0.375600
      455.266     0.374700
      455.335     0.373800
      455.404     0.372900
      455.473     0.372000
      455.542     0.371100
      455.612     0.370200
      455.681     0.369300
      455.750     0.368400
      455.819     0.367500
      455.889     0.366600
      455.958     0.365600
      456.027     0.364600
      456.097     0.363400
      456.166     0.362200
      456.236     0.360900
      456.305     0.359700
      456.375     0.358400
      456.444     0.357200
      456.514     0.356000
      456.583     0.354700
      456.653     0.353500
      456.722     0.352300
      456.792     0.351000
      456.861     0.349800
      456.931     0.348600
      457.001     0.347400
      457.070     0.346100
      457.140     0.344800
      457.210     0.343400
      457.280     0.342100
      457.349     0.340800
      457.419     0.339400
      457.489     0.338100
      457.559     0.336800
      457.629     0.335400
      457.698     0.334100
      457.768     0.332800
      457.838     0.331500
      457.908     0.330100
      457.978     0.328800
      458.048     0.327500
      458.118     0.326200
      458.188     0.324900
      458.258     0.323600
      458.328     0.322300
      458.398     0.321000
      458.468     0.319800
      458.539     0.318500
      458.609     0.317200
      458.679     0.315900
      458.749     0.314700
      458.819     0.313400
      458.889     0.312100
      458.960     0.310800
      459.030     0.309500
      459.100     0.308300
      459.171     0.307000
      459.241     0.306000
      459.311     0.305100
      459.382     0.304200
      459.452     0.303300
      459.522     0.302400
      459.593     0.301500
      459.663     0.300500
      459.734     0.299600
      459.804     0.298700
      459.875     0.297800
      459.945     0.296800
      460.016     0.295900
      460.087     0.295000
      460.157     0.294000
      460.228     0.293100
      460.299     0.292000
      460.369     0.290700
      460.440     0.289400
      460.511     0.288100
      460.581     0.286800
      460.652     0.285500
      460.723     0.284200
      460.794     0.282900
      460.865     0.281500
      460.936     0.280200
      461.006     0.278900
      461.077     0.277600
      461.148     0.276300
      461.219     0.275000
      461.290     0.273600
      461.361     0.272200
      461.432     0.270700
      461.503     0.269200
      461.574     0.267700
      461.645     0.266200
      461.716     0.264600
      461.788     0.263100
      461.859     0.261600
      461.930     0.260000
      462.001     0.258500
      462.072     0.257000
      462.143     0.255400
      462.215     0.253900
      462.286     0.252300
      462.357     0.250800
      462.429     0.249200
      462.500     0.247600
      462.571     0.245900
      462.643     0.244200
      462.714     0.242600
      462.786     0.240900
      462.857     0.239200
      462.928     0.237600
      463.000     0.235900
      463.071     0.234200
      463.143     0.232500
      463.215     0.230900
      463.286     0.229200
      463.358     0.227500
      463.429     0.225800
      463.501     0.224200
      463.573     0.222400
      463.644     0.220600
      463.716     0.218800
      463.788     0.217000
      463.860     0.215200
      463.931     0.213400
      464.003     0.211700
      464.075     0.209900
      464.147     0.208100
      464.219     0.206300
      464.291     0.204600
      464.363     0.202800
      464.435     0.201000
      464.506     0.199200
      464.578     0.197500
      464.650     0.195800
      464.723     0.194200
      464.795     0.192600
      464.867     0.191000
      464.939     0.189400
      465.011     0.187800
      465.083     0.186200
      465.155     0.184600
      465.227     0.183000
      465.299     0.181400
      465.372     0.179800
      465.444     0.178200
      465.516     0.176600
      465.589     0.175000
      465.661     0.173400
      465.733     0.171900
      465.806     0.170500
      465.878     0.169200
      465.950     0.167800
      466.023     0.166400
      466.095     0.165000
      466.168     0.163600
      466.240     0.162300
      466.313     0.160900
      466.385     0.159500
      466.458     0.158100
      466.530     0.156700
      466.603     0.155400
      466.676     0.154000
      466.748     0.152600
      466.821     0.151200
      466.894     0.150000
      466.966     0.148800
      467.039     0.147600
      467.112     0.146400
      467.185     0.145200
      467.258     0.144000
      467.330     0.142700
      467.403     0.141500
      467.476     0.140300
      467.549     0.139100
      467.622     0.137800
      467.695     0.136600
      467.768     0.135400
      467.841     0.134100
      467.914     0.132900
      467.987     0.131800
      468.060     0.130700
      468.133     0.129700
      468.206     0.128600
      468.279     0.127500
      468.353     0.126400
      468.426     0.125300
      468.499     0.124300
      468.572     0.123200
      468.645     0.122100
      468.719     0.121000
      468.792     0.119900
      468.865     0.118800
      468.939     0.117700
      469.012     0.116600
      469.085     0.115600
      469.159     0.114700
      469.232     0.113800
      469.306     0.112800
      469.379     0.111900
      469.453     0.111000
      469.526     0.110000
      469.600     0.109100
      469.673     0.108100
      469.747     0.107200
      469.821     0.106200
      469.894     0.105300
      469.968     0.104300
      470.042     0.103300
      470.115     0.102400
      470.189     0.101400
      470.263     0.100400
      470.336    0.0994000
      470.410    0.0984000
      470.484    0.0974000
      470.558    0.0964000
      470.632    0.0954000
      470.706    0.0944000
      470.780    0.0934000
      470.854    0.0924000
      470.928    0.0913000
      471.002    0.0903000
      471.076    0.0893000
      471.150    0.0883000
      471.224    0.0873000
      471.298    0.0864000
      471.372    0.0854000
      471.446    0.0845000
      471.520    0.0835000
      471.594    0.0826000
      471.668    0.0816000
      471.743    0.0807000
      471.817    0.0798000
      471.891    0.0788000
      471.965    0.0779000
      472.040    0.0770000
      472.114    0.0760000
      472.188    0.0751000
      472.263    0.0742000
      472.337    0.0732000
      472.412    0.0723000
      472.486    0.0715000
      472.561    0.0706000
      472.635    0.0698000
      472.710    0.0690000
      472.784    0.0682000
      472.859    0.0673000
      472.933    0.0665000
      473.008    0.0657000
      473.083    0.0648000
      473.157    0.0640000
      473.232    0.0632000
      473.307    0.0624000
      473.381    0.0615000
      473.456    0.0607000
      473.531    0.0599000
      473.606    0.0591000
      473.681    0.0584000
      473.755    0.0577000
      473.830    0.0569000
      473.905    0.0562000
      473.980    0.0555000
      474.055    0.0547000
      474.130    0.0540000
      474.205    0.0533000
      474.280    0.0525000
      474.355    0.0518000
      474.430    0.0511000
      474.505    0.0503000
      474.580    0.0496000
      474.656    0.0489000
      474.731    0.0482000
      474.806    0.0477000
      474.881    0.0471000
      474.956    0.0465000
      475.032    0.0459000
      475.107    0.0454000
      475.182    0.0448000
      475.258    0.0442000
      475.333    0.0436000
      475.408    0.0431000
      475.484    0.0425000
      475.559    0.0419000
      475.635    0.0413000
      475.710    0.0408000
      475.786    0.0402000
      475.861    0.0397000
      475.937    0.0392000
      476.012    0.0387000
      476.088    0.0383000
      476.163    0.0378000
      476.239    0.0374000
      476.315    0.0369000
      476.390    0.0365000
      476.466    0.0360000
      476.542    0.0355000
      476.618    0.0351000
      476.693    0.0346000
      476.769    0.0342000
      476.845    0.0337000
      476.921    0.0332000
      476.997    0.0328000
      477.073    0.0324000
      477.149    0.0321000
      477.225    0.0317000
      477.301    0.0314000
      477.377    0.0310000
      477.453    0.0306000
      477.529    0.0303000
      477.605    0.0299000
      477.681    0.0295000
      477.757    0.0292000
      477.833    0.0288000
      477.909    0.0284000
      477.985    0.0281000
      478.062    0.0277000
      478.138    0.0274000
      478.214    0.0270000
      478.290    0.0267000
      478.367    0.0264000
      478.443    0.0261000
      478.520    0.0258000
      478.596    0.0254000
      478.672    0.0251000
      478.749    0.0248000
      478.825    0.0245000
      478.902    0.0242000
      478.978    0.0239000
      479.055    0.0235000
      479.131    0.0232000
      479.208    0.0229000
      479.285    0.0226000
      479.361    0.0223000
      479.438    0.0220000
      479.514    0.0218000
      479.591    0.0215000
      479.668    0.0212000
      479.745    0.0209000
      479.822    0.0207000
      479.898    0.0204000
      479.975    0.0201000
      480.052    0.0198000
      480.129    0.0196000
      480.206    0.0193000
      480.283    0.0190000
      480.360    0.0187000
      480.437    0.0185000
      480.514    0.0182000
      480.591    0.0180000
      480.668    0.0178000
      480.745    0.0176000
      480.822    0.0174000
      480.899    0.0172000
      480.976    0.0170000
      481.053    0.0168000
      481.131    0.0166000
      481.208    0.0164000
      481.285    0.0162000
      481.362    0.0160000
      481.440    0.0158000
      481.517    0.0156000
      481.594    0.0154000
      481.672    0.0152000
      481.749    0.0151000
      481.827    0.0149000
      481.904    0.0148000
      481.981    0.0146000
      482.059    0.0145000
      482.137    0.0144000
      482.214    0.0142000
      482.292    0.0141000
      482.369    0.0140000
      482.447    0.0138000
      482.525    0.0137000
      482.602    0.0135000
      482.680    0.0134000
      482.758    0.0133000
      482.835    0.0131000
      482.913    0.0131000
      482.991    0.0130000
      483.069    0.0129000
      483.147    0.0128000
      483.224    0.0128000
      483.302    0.0127000
      483.380    0.0126000
      483.458    0.0125000
      483.536    0.0124000
      483.614    0.0124000
      483.692    0.0123000
      483.770    0.0122000
      483.848    0.0121000
      483.927    0.0121000
      484.005    0.0120000
      484.083    0.0120000
      484.161    0.0119000
      484.239    0.0119000
      484.317    0.0119000
      484.396    0.0118000
      484.474    0.0118000
      484.552    0.0118000
      484.631    0.0117000
      484.709    0.0117000
      484.787    0.0116000
      484.866    0.0116000
      484.944    0.0116000
      485.023    0.0115000
      485.101    0.0115000
      485.180    0.0115000
      485.258    0.0115000
      485.337    0.0114000
      485.415    0.0114000
      485.494    0.0114000
      485.572    0.0114000
      485.651    0.0114000
      485.730    0.0114000
      485.809    0.0114000
      485.887    0.0113000
      485.966    0.0113000
      486.045    0.0113000
      486.124    0.0113000
      486.203    0.0113000
      486.281    0.0113000
      486.360    0.0113000
      486.439    0.0113000
      486.518    0.0112000
      486.597    0.0112000
      486.676    0.0112000
      486.755    0.0112000
      486.834    0.0112000
      486.913    0.0112000
      486.992    0.0111000
      487.071    0.0111000
      487.151    0.0111000
      487.230    0.0111000
      487.309    0.0111000
      487.388    0.0111000
      487.467    0.0110000
      487.547    0.0110000
      487.626    0.0110000
      487.705    0.0110000
      487.785    0.0110000
      487.864    0.0109000
      487.943    0.0109000
      488.023    0.0109000
      488.102    0.0109000
      488.182    0.0108000
      488.261    0.0108000
      488.341    0.0108000
      488.420    0.0108000
      488.500    0.0107000
      488.580    0.0107000
      488.659    0.0107000
      488.739    0.0107000
      488.819    0.0107000
      488.898    0.0106000
      488.978    0.0106000
      489.058    0.0106000
      489.138    0.0106000
      489.217    0.0106000
      489.297    0.0105000
      489.377    0.0105000
      489.457    0.0105000
      489.537    0.0105000
      489.617    0.0105000
      489.697    0.0105000
      489.777    0.0104000
      489.857    0.0104000
      489.937    0.0104000
      490.017    0.0104000
      490.097    0.0104000
      490.177    0.0103000
      490.258    0.0103000
      490.338    0.0103000
      490.418    0.0103000
      490.498    0.0103000
      490.578    0.0103000
      490.659    0.0102000
      490.739    0.0102000
      490.819    0.0102000
      490.900    0.0102000
      490.980    0.0102000
      491.061    0.0101000
      491.141    0.0101000
      491.221    0.0101000
      491.302    0.0101000
      491.383    0.0101000
