2.701972E+02   1.682000E-03
2.709293E+02   1.965000E-03
2.716653E+02   2.262000E-03
2.724053E+02   2.601000E-03
2.731494E+02   2.960000E-03
2.738226E+02   3.374000E-03
2.745744E+02   3.918000E-03
2.753304E+02   4.486000E-03
2.760906E+02   5.063000E-03
2.767783E+02   5.760000E-03
2.775465E+02   6.562000E-03
2.783190E+02   7.310000E-03
2.790957E+02   8.070000E-03
2.798769E+02   8.926000E-03
2.805836E+02   9.984000E-03
2.813731E+02   1.081000E-02
2.821670E+02   1.207000E-02
2.829655E+02   1.363000E-02
2.837684E+02   1.491000E-02
2.844950E+02   1.780000E-02
2.853067E+02   2.310000E-02
2.861230E+02   2.561000E-02
2.869440E+02   3.292000E-02
2.876870E+02   3.966000E-02
2.885170E+02   4.865000E-02
2.893519E+02   5.801000E-02
2.901915E+02   6.892000E-02
2.910361E+02   7.998000E-02
2.918004E+02   9.402000E-02
2.926544E+02   1.148000E-01
2.935134E+02   1.439000E-01
2.943774E+02   1.804000E-01
2.952465E+02   2.238000E-01
2.960332E+02   2.698000E-01
2.969121E+02   3.149000E-01
2.977963E+02   3.466000E-01
2.986858E+02   3.679000E-01
2.994909E+02   3.856000E-01
3.003905E+02   4.030000E-01
3.012956E+02   4.158000E-01
3.022061E+02   4.241000E-01
3.031222E+02   4.377000E-01
3.039514E+02   4.403000E-01
3.048780E+02   4.365000E-01
3.058104E+02   4.339000E-01
3.067485E+02   4.345000E-01
3.076923E+02   4.400000E-01
3.085467E+02   4.337000E-01
3.095017E+02   4.497000E-01
3.104626E+02   4.636000E-01
3.114295E+02   4.713000E-01
3.123048E+02   4.734000E-01
3.132832E+02   4.814000E-01
3.142678E+02   4.881000E-01
3.152585E+02   4.808000E-01
3.162555E+02   4.766000E-01
3.171583E+02   4.718000E-01
3.181674E+02   4.597000E-01
3.191829E+02   4.573000E-01
3.202049E+02   4.624000E-01
3.211304E+02   4.874000E-01
3.221649E+02   5.142000E-01
3.232062E+02   5.454000E-01
3.242542E+02   5.546000E-01
3.253090E+02   5.627000E-01
3.262643E+02   5.437000E-01
3.273322E+02   5.379000E-01
3.284072E+02   5.221000E-01
3.294893E+02   5.147000E-01
3.305785E+02   5.211000E-01
3.315650E+02   5.338000E-01
3.326680E+02   5.392000E-01
3.337784E+02   5.552000E-01
3.348962E+02   5.615000E-01
3.359086E+02   5.642000E-01
3.370408E+02   5.644000E-01
3.381806E+02   5.627000E-01
3.393281E+02   5.549000E-01
3.404835E+02   5.540000E-01
3.415301E+02   5.548000E-01
3.427005E+02   5.586000E-01
3.438790E+02   5.743000E-01
3.450656E+02   5.783000E-01
3.462604E+02   5.678000E-01
3.473428E+02   5.495000E-01
3.485535E+02   5.470000E-01
3.497726E+02   5.342000E-01
3.510004E+02   5.376000E-01
3.521127E+02   5.605000E-01
3.533569E+02   5.913000E-01
3.546099E+02   6.220000E-01
3.558719E+02   6.260000E-01
3.571429E+02   6.317000E-01
3.582945E+02   6.204000E-01
3.595829E+02   5.888000E-01
3.608805E+02   5.731000E-01
3.621876E+02   5.672000E-01
3.635042E+02   5.663000E-01
3.646973E+02   5.776000E-01
3.660322E+02   5.820000E-01
3.673769E+02   6.009000E-01
3.687316E+02   6.043000E-01
3.699593E+02   6.117000E-01
3.713331E+02   6.194000E-01
3.727171E+02   6.290000E-01
3.741115E+02   6.207000E-01
3.755163E+02   6.105000E-01
3.767898E+02   6.046000E-01
3.782148E+02   6.020000E-01
3.796507E+02   6.001000E-01
3.810976E+02   5.976000E-01
3.825555E+02   5.977000E-01
3.838772E+02   6.097000E-01
3.853565E+02   5.965000E-01
3.868472E+02   5.823000E-01
3.883495E+02   5.670000E-01
3.897116E+02   5.608000E-01
3.912363E+02   5.526000E-01
3.927730E+02   5.541000E-01
3.943218E+02   5.373000E-01
3.958828E+02   5.191000E-01
3.972984E+02   4.770000E-01
3.988831E+02   4.429000E-01
4.004806E+02   3.870000E-01
4.020909E+02   3.413000E-01
4.037142E+02   2.907000E-01
4.051864E+02   2.568000E-01
4.068348E+02   2.138000E-01
4.084967E+02   1.859000E-01
4.101723E+02   1.624000E-01
4.116921E+02   1.399000E-01
4.133940E+02   1.155000E-01
4.151100E+02   9.563000E-02
4.168404E+02   4.668000E-02
4.185852E+02   2.183000E-02
4.201681E+02   1.283000E-02
4.219409E+02   8.433000E-03
4.237288E+02   5.960000E-03
4.255319E+02   4.244000E-03
4.271679E+02   3.219000E-03
4.290004E+02   2.542000E-03
