1.953507E+02   4.936000E-03
1.956947E+02   5.476000E-03
1.960784E+02   6.124000E-03
1.964637E+02   6.754000E-03
1.968504E+02   7.138000E-03
1.972387E+02   7.523000E-03
1.975894E+02   8.016000E-03
1.979806E+02   8.620000E-03
1.983733E+02   9.223000E-03
1.987676E+02   1.022000E-02
1.991239E+02   1.126000E-02
1.995211E+02   1.239000E-02
1.999200E+02   1.370000E-02
2.003205E+02   1.502000E-02
2.007226E+02   1.690000E-02
2.010859E+02   1.895000E-02
2.014910E+02   2.119000E-02
2.018978E+02   2.420000E-02
2.023063E+02   2.722000E-02
2.027164E+02   3.066000E-02
2.030869E+02   3.436000E-02
2.035002E+02   3.815000E-02
2.039152E+02   4.404000E-02
2.043318E+02   4.993000E-02
2.047083E+02   5.668000E-02
2.051282E+02   6.439000E-02
2.055498E+02   7.211000E-02
2.059732E+02   8.292000E-02
2.063983E+02   9.409000E-02
2.067825E+02   1.072000E-01
2.072109E+02   1.243000E-01
2.076412E+02   1.414000E-01
2.080732E+02   1.597000E-01
2.085071E+02   1.785000E-01
2.088991E+02   1.969000E-01
2.093364E+02   2.137000E-01
2.097755E+02   2.306000E-01
2.102165E+02   2.498000E-01
2.106150E+02   2.706000E-01
2.110595E+02   2.915000E-01
2.115059E+02   3.176000E-01
2.119542E+02   3.437000E-01
2.124044E+02   3.666000E-01
2.128112E+02   3.854000E-01
2.132651E+02   4.041000E-01
2.137209E+02   4.100000E-01
2.141786E+02   4.138000E-01
2.146383E+02   4.180000E-01
2.150538E+02   4.233000E-01
2.155172E+02   4.285000E-01
2.159827E+02   4.344000E-01
2.164502E+02   4.406000E-01
2.168727E+02   4.465000E-01
2.173441E+02   4.506000E-01
2.178175E+02   4.547000E-01
2.182929E+02   4.568000E-01
2.187705E+02   4.574000E-01
2.192021E+02   4.579000E-01
2.196837E+02   4.654000E-01
2.201673E+02   4.729000E-01
2.206531E+02   4.771000E-01
2.210922E+02   4.763000E-01
2.215821E+02   4.755000E-01
2.220742E+02   4.722000E-01
2.225684E+02   4.684000E-01
2.230649E+02   4.653000E-01
2.235136E+02   4.647000E-01
2.240143E+02   4.640000E-01
2.245173E+02   4.747000E-01
2.250225E+02   4.908000E-01
2.255300E+02   5.060000E-01
2.259887E+02   5.143000E-01
2.265006E+02   5.227000E-01
2.270148E+02   5.232000E-01
2.275313E+02   5.169000E-01
2.279982E+02   5.106000E-01
2.285192E+02   5.086000E-01
2.290426E+02   5.069000E-01
2.295684E+02   5.118000E-01
2.300966E+02   5.277000E-01
2.305741E+02   5.436000E-01
2.311070E+02   5.543000E-01
2.316423E+02   5.637000E-01
2.321802E+02   5.716000E-01
2.327205E+02   5.741000E-01
2.332090E+02   5.766000E-01
2.337541E+02   5.774000E-01
2.343018E+02   5.773000E-01
2.348520E+02   5.776000E-01
2.353495E+02   5.824000E-01
2.359047E+02   5.873000E-01
2.364625E+02   5.871000E-01
2.370230E+02   5.818000E-01
2.375861E+02   5.766000E-01
2.380952E+02   5.764000E-01
2.386635E+02   5.767000E-01
2.392344E+02   5.807000E-01
2.398082E+02   5.919000E-01
2.403846E+02   6.030000E-01
2.409058E+02   6.128000E-01
2.414876E+02   6.222000E-01
2.420721E+02   6.274000E-01
2.426595E+02   6.155000E-01
2.431907E+02   6.036000E-01
2.437835E+02   5.931000E-01
2.443793E+02   5.835000E-01
2.449780E+02   5.747000E-01
2.455796E+02   5.815000E-01
2.461236E+02   5.883000E-01
2.467308E+02   5.980000E-01
2.473411E+02   6.109000E-01
2.479544E+02   6.238000E-01
2.485707E+02   6.211000E-01
2.491281E+02   6.166000E-01
2.497502E+02   6.108000E-01
2.503756E+02   6.022000E-01
2.510040E+02   5.936000E-01
2.515723E+02   5.950000E-01
2.522068E+02   5.999000E-01
2.528445E+02   6.047000E-01
2.534854E+02   6.098000E-01
2.541296E+02   6.149000E-01
2.547122E+02   6.176000E-01
2.553626E+02   6.188000E-01
2.560164E+02   6.201000E-01
2.566735E+02   6.270000E-01
2.573340E+02   6.339000E-01
2.579314E+02   6.409000E-01
2.585984E+02   6.480000E-01
2.592689E+02   6.551000E-01
2.599428E+02   6.493000E-01
2.605524E+02   6.415000E-01
2.612330E+02   6.327000E-01
2.619172E+02   6.213000E-01
2.626050E+02   6.099000E-01
2.632965E+02   6.140000E-01
2.639219E+02   6.242000E-01
2.646203E+02   6.358000E-01
2.653224E+02   6.594000E-01
2.660282E+02   6.774000E-01
2.666667E+02   6.825000E-01
2.673797E+02   6.749000E-01
2.680965E+02   6.586000E-01
2.688172E+02   6.350000E-01
2.695418E+02   6.169000E-01
2.701972E+02   6.106000E-01
2.709293E+02   6.038000E-01
2.716653E+02   6.149000E-01
2.724053E+02   6.257000E-01
2.731494E+02   6.293000E-01
2.738226E+02   6.360000E-01
2.745744E+02   6.352000E-01
2.753304E+02   6.271000E-01
2.760906E+02   6.131000E-01
2.767783E+02   6.029000E-01
2.775465E+02   5.984000E-01
2.783190E+02   5.974000E-01
2.790957E+02   5.854000E-01
2.798769E+02   5.762000E-01
2.805836E+02   5.644000E-01
2.813731E+02   5.456000E-01
2.821670E+02   5.217000E-01
2.829655E+02   5.058000E-01
2.837684E+02   4.700000E-01
2.844950E+02   4.646000E-01
2.853067E+02   4.955000E-01
2.861230E+02   4.522000E-01
2.869440E+02   4.563000E-01
2.876870E+02   4.339000E-01
2.885170E+02   4.002000E-01
2.893519E+02   3.548000E-01
2.901915E+02   3.111000E-01
2.910361E+02   2.616000E-01
2.918004E+02   2.198000E-01
2.926544E+02   1.828000E-01
2.935134E+02   1.484000E-01
2.943774E+02   8.516000E-02
2.952465E+02   3.844000E-02
2.960332E+02   2.109000E-02
2.969121E+02   1.266000E-02
2.977963E+02   7.858000E-03
2.986858E+02   5.070000E-03
2.994909E+02   4.125000E-03
3.003905E+02   3.460000E-03
3.012956E+02   3.132000E-03
3.022061E+02   2.967000E-03
3.031222E+02   2.835000E-03
3.039514E+02   2.693000E-03
3.048780E+02   2.553000E-03
