3.713331E+02   7.907000E-04
3.727171E+02   8.664000E-04
3.741115E+02   9.306000E-04
3.755163E+02   1.129000E-03
3.767898E+02   1.562000E-03
3.782148E+02   1.818000E-03
3.796507E+02   2.195000E-03
3.810976E+02   2.536000E-03
3.825555E+02   3.321000E-03
3.838772E+02   4.067000E-03
3.853565E+02   4.979000E-03
3.868472E+02   6.328000E-03
3.883495E+02   7.991000E-03
3.897116E+02   1.003000E-02
3.912363E+02   1.311000E-02
3.927730E+02   1.761000E-02
3.943218E+02   2.317000E-02
3.958828E+02   2.993000E-02
3.972984E+02   3.846000E-02
3.988831E+02   4.982000E-02
4.004806E+02   6.344000E-02
4.020909E+02   8.048000E-02
4.037142E+02   1.037000E-01
4.051864E+02   1.314000E-01
4.068348E+02   1.671000E-01
4.084967E+02   2.188000E-01
4.101723E+02   2.816000E-01
4.116921E+02   3.536000E-01
4.133940E+02   4.127000E-01
4.151100E+02   4.623000E-01
4.168404E+02   5.077000E-01
4.185852E+02   5.229000E-01
4.201681E+02   5.340000E-01
4.219409E+02   5.480000E-01
4.237288E+02   5.636000E-01
4.255319E+02   5.738000E-01
4.271679E+02   5.875000E-01
4.290004E+02   5.952000E-01
4.308488E+02   6.074000E-01
4.327131E+02   6.054000E-01
4.345937E+02   6.114000E-01
4.363002E+02   5.950000E-01
4.382121E+02   5.923000E-01
4.401408E+02   6.009000E-01
4.420866E+02   6.112000E-01
4.440497E+02   6.124000E-01
4.458315E+02   6.052000E-01
4.478280E+02   6.056000E-01
4.498426E+02   5.745000E-01
4.518753E+02   5.651000E-01
4.537205E+02   5.618000E-01
4.557885E+02   5.533000E-01
4.578755E+02   5.487000E-01
4.599816E+02   5.657000E-01
4.621072E+02   5.816000E-01
4.640371E+02   5.839000E-01
4.662005E+02   6.029000E-01
4.683841E+02   5.911000E-01
4.705882E+02   5.818000E-01
4.728132E+02   5.595000E-01
4.748338E+02   5.531000E-01
4.770992E+02   5.292000E-01
4.793864E+02   5.243000E-01
4.816956E+02   5.125000E-01
4.837929E+02   5.263000E-01
4.861449E+02   5.404000E-01
4.885198E+02   5.490000E-01
4.909180E+02   5.499000E-01
4.933399E+02   5.393000E-01
4.955401E+02   5.372000E-01
4.980080E+02   5.315000E-01
5.005005E+02   5.322000E-01
5.030181E+02   5.300000E-01
5.055612E+02   5.215000E-01
5.078720E+02   5.088000E-01
5.104645E+02   5.168000E-01
5.130836E+02   5.254000E-01
5.157298E+02   5.113000E-01
5.181347E+02   5.172000E-01
5.208333E+02   5.187000E-01
5.235602E+02   5.011000E-01
5.263158E+02   5.030000E-01
5.291005E+02   5.173000E-01
5.316321E+02   5.435000E-01
5.344735E+02   5.358000E-01
5.373455E+02   5.411000E-01
5.402485E+02   5.465000E-01
5.431831E+02   5.343000E-01
5.458515E+02   5.327000E-01
5.488474E+02   5.134000E-01
5.518764E+02   5.064000E-01
5.549390E+02   5.168000E-01
5.577245E+02   5.012000E-01
5.608525E+02   5.166000E-01
5.640158E+02   5.538000E-01
5.672150E+02   5.605000E-01
5.704507E+02   5.676000E-01
5.733945E+02   5.628000E-01
5.767013E+02   5.489000E-01
5.800464E+02   5.340000E-01
5.834306E+02   5.414000E-01
5.865103E+02   5.359000E-01
5.899705E+02   5.586000E-01
5.934718E+02   5.799000E-01
5.970149E+02   5.630000E-01
6.006006E+02   5.651000E-01
6.038647E+02   5.721000E-01
6.075334E+02   5.685000E-01
6.112469E+02   2.461000E-01
6.150062E+02   1.362000E-01
6.188119E+02   9.056000E-02
6.222775E+02   6.571000E-02
6.261741E+02   5.111000E-02
6.301197E+02   3.955000E-02
6.341154E+02   3.173000E-02
6.377551E+02   2.588000E-02
6.418485E+02   2.147000E-02
6.459948E+02   1.756000E-02
6.501951E+02   1.429000E-02
6.544503E+02   1.196000E-02
6.583278E+02   1.090000E-02
6.626905E+02   9.427000E-03
6.671114E+02   8.050000E-03
6.715917E+02   7.496000E-03
6.761325E+02   6.734000E-03
6.802721E+02   5.940000E-03
6.849315E+02   5.277000E-03
6.896552E+02   4.565000E-03
6.944444E+02   3.878000E-03
6.988120E+02   3.416000E-03
